189
2644 20
35476 76246 4356 35291 6193 45494 86827 21544 25096 27945 43777 45568 86734 84739 25465 53516 91944 8260 57696 45285
5851 20
95728 79965 3982 21720 45502 35601 21555 85653 56563 87530 21719 30381 17291 12513 99002 50129 23556 3163 8445 16980
4271 20
34348 12340 11583 24347 49633 16292 54256 71604 43577 1111 28379 68113 26395 29450 18754 48279 44465 20987 61454 86717
1614 20
6088 14970 6043 90021 71700 88481 865 88772 56689 37845 18496 48713 74347 14054 11032 83183 63606 72521 15602 18855
2258 20
70490 44067 58734 75014 36743 52833 18294 87144 4877 28907 64721 41749 64141 47185 48414 79945 94227 6360 86376 81271
4505 20
15975 83208 67702 580 35914 77005 75328 88946 14107 60299 92462 35044 68846 98317 92689 64246 35844 69017 5592 235
9240 20
40558 32795 17342 57037 25170 82118 59025 31823 24111 11357 82281 31536 23512 88577 2366 65032 13842 69407 5536 48360
7092 20
63367 40561 42356 23563 36653 63378 51913 94096 87291 33861 93133 42777 34427 47563 24410 36091 78613 70064 98147 43485
4314 20
5260 84933 60352 31245 92478 50452 2821 86638 30890 6513 649 91876 44250 67012 99753 65397 74445 70887 87071 99488
8397 20
72996 60563 1354 31210 5590 94061 61890 44684 97489 93644 65404 49023 11403 1579 69177 11572 31618 51866 9817 59089
1574 20
18382 48937 27191 27993 12155 82845 60513 13165 64072 51446 60025 69816 36976 44988 79634 83151 95635 95189 23175 38637
3591 20
78294 43479 47889 41652 85637 86139 31468 83310 7495 35134 82769 27866 58816 74472 24699 21848 75978 36412 69047 97822
768 20
38947 56776 69135 75406 70394 85447 4122 21771 31893 76673 97807 27276 10346 81610 25265 26487 27173 91528 6789 13062
3566 20
41308 87341 46784 23447 21913 95612 99332 82110 3879 94099 21248 23914 91949 83078 34244 36185 45854 38042 917 96537
1135 20
76388 3538 80987 78842 53150 72578 11249 49456 96271 3110 4990 63763 82425 10806 31496 64318 33281 53763 57494 331
5390 20
41659 96555 41258 76674 26973 5053 65140 83944 91957 41223 32506 46059 80485 61675 1629 98409 6763 75021 37734 9937
5040 20
447 39540 3998 9582 32871 79933 79081 21936 64955 9093 51 87286 34115 17007 34725 49205 88464 50896 50427 19369
3371 20
47872 84 39746 26678 31883 78049 60764 99113 23477 44779 80356 80891 90602 2481 37137 81457 95822 66704 37993 22039
7953 20
69943 76367 93292 25822 89599 90537 93054 55372 22620 31151 97781 91207 68367 10059 52269 80570 31686 5264 77842 12863
9447 20
61857 38320 70663 98621 410 38493 89681 42871 63821 34612 33653 14339 20351 38593 38150 673 76262 76725 90735 83518
5691 20
53533 95249 70937 50772 64446 58108 35215 69411 74690 39093 87170 35029 80721 79199 29553 27275 33677 99953 92145 63007
5483 20
58692 72869 71115 85428 61410 43895 471 31651 56583 27152 70522 79057 19870 3007 90682 53064 54838 64670 6052 48618
3007 20
42839 47921 89895 19702 566 83671 75235 1852 50121 50571 31676 83099 64682 33591 81916 38225 992 79125 88255 70633
9373 20
67642 63585 66104 30136 86777 14100 8126 42278 4743 47709 75104 12790 71619 11392 70583 8685 26149 43687 54309 38801
8842 20
84610 84653 69462 58556 2310 17200 8830 57948 73764 57636 4485 73532 75063 60736 16674 97569 16556 61860 73662 60284
9320 20
83071 91662 15928 24128 96117 11092 27517 85759 58779 55853 57361 23014 98389 21448 84428 41654 45600 96861 95570 8703
4542 20
87562 72482 85353 69449 79102 52653 2233 69311 73552 71911 46958 73484 83643 53817 4344 85037 23859 3178 4720 63513
3731 20
62527 14429 87672 75648 94814 36417 28301 37336 11752 93284 95452 52515 28041 42765 45520 75582 52799 53788 70974 59457
7206 20
9799 88660 24913 81385 47820 55301 10470 70535 38030 41266 92712 4177 20160 3952 29521 88863 49390 80798 72895 98366
7915 20
31875 45680 2984 99973 18992 84370 40240 17288 46346 63578 44172 42153 27513 47089 8085 34481 51671 44050 44434 92930
1026 20
79389 13929 59147 15746 75733 15279 63978 44846 37031 27446 62831 19806 89779 41952 79802 52055 90014 54588 92045 45896
3675 20
36585 36141 32384 78234 13161 35061 94385 17439 34774 21984 70481 8365 52467 12 82226 81188 66608 40539 6693 94843
2462 20
57420 33256 46928 36828 28724 18966 3605 7134 89684 64127 18998 99909 43688 67505 40482 56248 81724 25560 90192 82594
7412 20
75750 33887 68343 45165 17176 69932 31548 43542 52651 27169 33927 9474 34867 5212 13706 80424 59333 86753 55422 94954
1750 20
10305 80077 44587 64392 70715 91723 84480 68603 97517 62902 7149 18814 68908 91749 28733 74833 3419 41618 54370 11023
826 20
93769 58334 55719 2354 97 96190 9190 92156 83850 33548 67391 67897 37976 14921 22784 47316 93665 6975 53181 31097
1841 20
8138 31189 90937 57389 99961 3036 92269 37199 2761 6586 10323 84061 76892 77503 21689 89534 95102 47022 9497 66478
9742 20
86457 90908 37219 37045 92795 34822 15636 23257 69883 62083 2043 16453 90040 41988 56708 85282 4826 24423 15139 63731
6717 20
14982 2492 18367 74352 25539 36096 28162 52310 81339 40088 41992 18904 32544 95454 68371 83653 26392 33661 62589 87993
6363 20
42028 61037 83906 18645 30224 56353 41157 60102 11052 55484 67434 43490 91025 40034 1500 81018 267 89072 92216 18083
2730 20
13444 60416 35101 54344 71854 12548 70104 63811 18560 27652 18595 40990 67025 66784 8906 48575 76645 93833 91768 17174
6683 20
93888 65452 98182 83197 93585 31128 88756 53939 77971 71803 92097 40642 15737 10427 61531 20575 30537 34842 48767 54273
251 20
68948 30613 80354 51726 43465 41394 42139 28038 88034 380 30980 36245 16364 96369 49704 56930 42849 6156 36247 2436
6408 20
75512 7013 1689 26662 95538 89199 96625 88726 35842 97811 28955 96312 93948 45766 68047 20727 67157 72073 75829 71706
9655 20
93696 8161 42456 55741 15376 98296 33270 4082 79034 83965 5292 7165 729 5944 39298 70360 71926 61251 67826 84734
2643 20
571 31813 88998 16944 38170 19499 92516 60965 14964 55530 27112 48641 72861 47531 47714 70175 46099 92984 72542 60587
5481 20
26150 99293 32190 92815 22218 26812 77802 27096 11602 32556 91537 76109 60798 73486 63430 91840 35425 64489 6010 87430
6506 20
24116 77282 87712 50555 15720 28152 83010 63696 88699 14102 69738 3310 33649 30919 72108 29415 18166 36989 7474 38531
7321 20
1842 40097 792 87815 62345 82970 15661 5179 13290 29943 46181 73703 28805 99333 83185 96724 3876 91030 14449 65472
5144 20
52513 90561 96887 52029 14562 91029 51038 71437 80963 17980 6981 22084 95109 2638 14150 64317 83712 68443 85210 55890
1356 20
15920 83283 52190 1718 61543 13975 7850 98328 57786 70779 89796 77787 40507 74453 74656 63860 73445 66975 56979 49706
1959 20
26841 79779 2558 33065 15504 37814 92586 6488 37462 30904 66986 22070 8816 80465 40740 58849 78377 26926 30360 65440
679 19
39950 93904 76598 56499 66304 91702 38913 38440 8937 98826 5442 28064 63537 10728 85535 42288 1380 90947 5008
2468 20
75860 4270 76499 55111 58641 82367 97638 71515 48757 59586 22455 50910 44075 58943 15132 64188 67246 92160 84408 6745
3294 20
99181 79092 6154 57579 67760 1013 92871 17387 35009 63666 27329 25172 1874 1 32059 95868 95669 53751 3881 89124
972 20
2389 17859 67061 90445 23737 41005 27474 60423 71103 67802 16153 2497 35199 54586 55508 43377 15185 47495 42783 22442
2662 20
93311 8780 33380 57077 63189 53561 31580 9764 40153 52404 45575 32010 17141 47660 85479 87757 37215 14649 1411 74261
5833 20
87141 6727 36749 78707 79243 56234 71847 32656 92834 95441 31143 474 18789 20500 88336 7966 36829 53944 59226 35847
2079 20
13037 22275 24382 60294 81842 9323 10174 72866 87657 58472 18985 87813 47464 96654 87837 49627 82091 49369 65350 3333
5423 20
28551 59012 46430 31739 35455 16272 68353 50200 1773 49455 94963 21946 1409 9815 70050 8351 27803 45970 55156 95207
3996 20
47535 75272 1780 80609 87377 61597 57060 51006 87655 55704 11956 35666 43290 51051 92155 84099 58993 85299 93675 70919
2595 20
20237 85163 7402 14294 47277 37988 53077 43589 74434 99774 21527 56102 89403 58789 68600 32210 4574 24051 6211 65394
1564 20
19947 57713 32537 14084 23275 41926 17678 47212 26533 35287 95567 4629 2726 70173 75205 91579 689 14838 72867 81853
7485 20
93074 97948 66322 91006 23497 45375 17261 36115 92488 12622 78824 62708 83709 24630 74992 75863 71957 11459 26815 1530
5171 20
52278 49129 71222 98516 8111 53013 10543 59834 83485 35832 72825 57161 16578 30835 72316 22050 32968 80163 58294 31258
3165 20
71062 22320 57440 66331 64120 21748 67357 58390 35346 8716 73267 75008 7821 58941 81007 80585 50084 64523 39688 97667
7649 20
34768 53827 33236 36181 29495 72248 70671 7123 46814 42560 82131 36954 12748 32627 88403 59626 68683 91586 24180 266
2514 20
47355 197 88402 75230 50825 9548 96852 41775 87400 49575 60439 9566 3575 10028 78308 4266 61451 71331 45178 22132
4828 20
30359 41459 94398 66981 80393 28147 24457 54907 32776 24202 91838 44288 91043 80928 18825 45350 21408 11114 19797 51609
4539 20
89392 18155 44378 44329 19496 32612 84436 25131 48898 73832 28212 92356 6492 32819 26069 36249 19231 35108 8722 36758
9223 20
16943 97985 21969 99925 49304 65343 79117 91989 4591 51677 65124 65671 19206 39553 82751 76369 13571 8897 91480 60316
8835 20
33287 68308 76158 76591 59594 47244 69076 50253 83721 84070 58209 15596 8070 32555 67311 9253 5706 69865 12648 54458
7265 20
47074 7404 53659 31023 94937 86199 56985 31836 39596 29570 52049 76607 90462 3687 21032 82343 72612 84833 93770 52802
2013 19
92691 51244 65444 22440 71968 31217 64668 23008 79480 9792 51428 58155 16225 41015 95549 25257 64823 53835 44499
5239 20
84346 77815 96215 99630 93034 72887 78457 60165 40472 77807 20909 31060 77922 60645 48604 32705 98401 85295 84253 84030
8089 20
94255 76792 61881 54984 80291 68676 25009 44812 29833 41762 85408 81815 6358 45108 91715 9116 34919 33351 31345 68442
4671 20
545 99977 71013 96157 10631 29707 42602 53642 30696 36875 48643 70832 69601 18473 41773 49897 51509 25118 96949 31714
9094 20
53621 63761 4986 13876 35256 46268 28875 89783 68487 17127 86300 90170 96695 62949 4512 55849 36772 15487 75717 57019
8099 20
3692 27412 58652 26491 62421 8566 93657 56783 57619 90324 30841 79468 31370 70865 9270 93601 68658 17593 96664 22224
7215 20
2668 74385 71422 36227 13847 71225 5056 30747 79452 26852 54209 51469 31435 3786 31228 44747 40909 9900 43626 96816
7703 20
83945 11933 79496 95279 96912 32939 25525 89064 50033 63948 94079 44564 43787 79918 54345 64877 38896 68317 79705 32516
9805 20
57977 69928 30928 77204 54566 64975 25462 34639 55021 63350 82251 53462 61658 30299 205 60084 23730 3203 20438 85938
1618 20
30016 59552 19733 43601 41190 87687 37148 34808 30245 2216 16210 27330 52505 81907 89628 97250 36 59773 39408 98289
9719 20
58109 25049 73150 43859 76970 93677 57958 46940 26098 54031 5882 68349 55435 74404 30907 18188 24754 96587 71837 30244
55 20
52714 13647 88825 2172 12794 26334 462 54182 37240 30150 2612 88101 79878 44334 95128 49673 68662 30930 34149 86566
1277 20
98824 81746 93338 1065 91599 72965 30115 16516 22583 98883 81536 19098 41267 58435 29453 81868 39330 95266 97115 78639
6620 20
11610 46322 36538 74278 88319 22378 34407 9849 20893 28426 58252 78397 43459 57799 82787 67639 68616 62730 73468 30693
9011 20
91445 66746 81030 72801 28280 93635 22287 41392 68078 21190 21777 18690 97859 31352 59915 84182 24903 71955 36209 92274
2064 20
58016 63504 18622 25048 62954 85217 26782 78493 13791 90437 87773 21576 21156 62295 32282 88773 51873 17987 62422 37769
3768 20
52845 66500 79282 459 48366 33847 55403 15408 43230 59399 43732 7072 57134 97372 14432 60994 98927 91960 46748 63934
4172 20
24224 64796 61291 9431 375 1809 95094 11279 76277 87093 67135 81230 73170 76947 34144 24564 93456 37227 89841 25870
2571 20
60640 51132 76717 48545 1822 63698 6138 61811 75167 62721 95472 2390 27805 78656 99777 17496 2357 30729 9829 72476
6813 20
25936 64979 50355 55089 97787 66067 15031 74865 8553 17926 98822 81170 8745 6220 39847 67902 64233 31912 75971 69768
2654 20
34439 34216 44090 87261 58979 66448 30789 93117 65567 78135 86323 24666 53766 68175 26388 56342 65732 21143 52135 56328
7663 20
65101 87819 82013 27279 32816 30796 34679 82678 53745 58342 97141 11499 42858 34881 61348 10202 6206 46485 52184 13453
4188 20
61376 42996 55107 98086 53254 61295 94512 78816 65716 24790 74653 40737 4685 78967 95029 9776 9443 3949 49469 48855
6236 20
72514 88550 97316 74537 89336 89011 67257 6736 49075 95663 37495 43916 46152 89773 71100 31748 85494 23755 21997 26472
6777 20
42518 59693 64274 4581 16371 31330 85701 16684 8953 47791 13652 95597 79278 20550 68405 15987 52207 18749 73363 59841
6591 20
49517 85228 6139 98322 28308 71289 56722 7197 52332 87551 59767 38928 91109 74079 76733 79707 60052 3917 20794 47170
2495 20
1722 65423 92082 68844 48434 98988 86359 22049 76494 47549 27764 45994 36009 4707 26985 75157 86643 65060 66336 14896
9758 20
43086 46116 65149 97551 99058 49715 90757 45366 67697 21526 24296 92829 77791 96222 44790 44423 25650 1253 2237 43987
7763 20
72077 13082 16058 4436 70401 19066 68755 12655 24533 95144 22963 64178 24817 5361 21690 21400 14149 95513 95717 18194
5638 20
36760 73227 1924 8869 85886 94901 97042 63000 44739 76904 34090 25101 37292 28331 60527 25987 92342 93496 28353 77307
8864 20
3008 10942 98952 9988 58855 98665 3644 92168 68425 123 52428 89664 74161 2765 25442 59322 29077 84343 45015 66286
9385 20
35024 79720 35797 24193 45914 38728 93522 9625 86652 15334 11325 74211 56501 81930 34059 81874 2103 8575 40842 80293
184 19
19888 64993 33146 41179 80850 30330 71043 33542 21874 31799 87278 40236 66491 29786 69535 56326 98043 33259 34924
3669 20
95962 69338 11241 2511 85620 21581 62356 54259 53370 74906 55887 90677 77614 60279 60418 60663 48295 34114 53456 97163
4306 20
95842 57982 60127 29454 95376 83215 54498 12242 24200 70647 35177 41408 80893 83553 26342 63877 40338 54613 47720 22106
67 20
96609 29957 97380 10379 70823 17819 80138 3776 66461 53171 19160 43389 78606 97315 38474 23088 8420 56251 13875 43532
6328 19
99950 90034 66457 11850 58274 94458 70683 66714 63849 24005 97015 28507 57778 51688 44737 42247 30812 12438 61777
842 20
64525 95750 20918 885 24743 58953 86601 84711 15528 27625 17708 75689 74515 23520 52592 2089 33364 89466 85173 55491
8273 20
35136 65136 11245 84901 60004 74051 11081 59067 23976 10161 91664 86396 790 9629 29692 75818 74280 64349 3893 92926
967 20
49327 1090 70236 5029 5350 2449 99173 3996 63556 95264 21624 93616 10985 84364 18287 68912 8565 59856 29897 16331
5106 20
89153 76971 33188 26454 48571 90346 43592 98132 35704 60635 10548 72650 18245 35103 6665 5631 92857 98228 50004 34319
4075 20
90233 66472 2127 14808 88656 1446 51310 64224 99956 65393 91624 90221 33636 40101 69318 1201 64273 81315 96286 5522
6689 20
60721 38358 27530 22298 45742 68814 72417 15825 28685 33352 15500 24539 91585 21074 32064 2589 24598 56360 41374 54753
243 20
34016 4157 3667 90322 14463 28617 8039 91767 40821 19979 43824 27509 66764 81411 33857 25516 48340 22596 67052 85694
8520 19
39044 5818 46307 24922 25463 62176 93662 60499 74020 20374 63039 91990 56704 20713 30605 67324 53483 47285 69704
2300 20
10995 51352 50950 14144 63564 81770 86128 95166 99589 49703 24864 59458 21445 51646 37685 67247 77945 60184 9268 42939
690 20
2067 1690 10675 70571 51220 29876 82388 77729 63739 31170 65151 36148 60717 98225 34705 43053 27357 93830 65560 43332
6395 20
34245 43850 15072 66375 92935 57726 61064 56349 20534 3880 38695 88850 90832 7006 68752 32534 96993 45325 73239 70094
3084 20
90207 22654 63057 79261 28830 89271 53992 33349 23219 3579 53538 18740 31962 47755 75162 67364 36070 66140 37683 60630
3360 20
59652 72741 88807 31584 36806 24178 68387 33443 96514 62210 99980 40689 16985 13782 30329 11818 41791 21387 28793 6118
7444 20
41361 33052 7870 92427 74243 80241 42359 85502 53008 31409 53247 86532 85715 342 63381 47632 1106 27771 19481 6184
8110 20
14359 7508 38936 72192 57256 56984 13435 94203 5736 73153 72146 94374 54565 45337 89872 34147 74360 99527 31303 91336
6633 20
46796 48990 97717 66888 13722 12603 3560 38820 78792 50672 28747 69673 91131 4861 71810 24522 27148 23120 7343 63971
9384 20
27776 96143 39072 61627 35560 65987 35654 60477 13118 93752 17526 35901 9274 55104 36659 90856 98552 37785 35328 16419
2853 20
43484 92469 41368 27829 4114 63311 67572 19491 22333 42131 48997 41081 93986 63080 15865 16240 1682 96652 96935 48153
7941 20
1674 10441 90872 77768 31941 16769 67088 47764 12230 65329 34063 44955 82698 67659 25652 69892 8456 36385 6872 81097
8521 20
94592 3523 64176 14317 9525 52981 86004 55003 72412 86374 75115 98065 92700 83416 45102 6293 53094 66555 49863 5922
2442 20
31444 16842 48399 58775 40660 25730 98604 4533 69852 99505 72868 48214 73543 84503 62385 9663 96549 27609 16400 48981
4258 20
99049 23455 37481 76642 10122 80478 72057 32162 64174 78470 73682 79099 14581 72443 78634 36295 24813 92565 25755 28036
2575 20
81276 80547 76927 41355 21892 78058 33192 40774 55496 10225 20891 29280 40481 72994 40924 55042 44689 81697 94059 29889
9800 20
87909 27170 84088 37308 21735 29458 23887 62235 72334 16573 42314 4382 72219 29173 97820 65584 83343 62670 39110 50977
1743 20
80002 65475 76602 20821 34912 12481 11480 87627 29366 94296 68503 50750 24269 9692 23621 23004 24247 12591 50948 89597
2706 20
46048 91955 29390 38276 2254 60051 60020 7515 72264 29882 81491 50619 15955 21126 91162 41166 88134 82579 64201 64256
5439 20
10570 95183 17824 80092 838 86027 24440 75089 51725 49521 86206 62001 11942 60442 69698 21990 96330 20181 92296 74913
1203 20
99530 18330 99858 6960 89545 16762 70436 92275 51705 96313 64922 82655 82886 39203 81118 81526 23833 43067 4995 20943
3511 20
16661 87866 73895 86459 36731 67403 62307 84028 49801 98336 36645 96446 96366 26075 25701 78003 58760 39541 21298 52794
1202 20
37273 39351 10544 39750 6404 61783 26898 86059 7203 66617 85791 76220 26773 1706 14277 41014 19774 65975 22968 11899
8280 19
86664 88592 87048 612 86752 47797 81120 93569 45879 72845 40693 61471 41699 93009 68234 23330 75747 4407 17809
1428 19
61667 29116 61659 86181 68625 48620 20040 16987 28211 96522 93846 94906 19174 11065 24353 89187 27125 31269 42416
9066 20
58568 38650 66404 11625 47537 86419 49881 68939 66300 9903 53453 86606 80719 16172 17606 57252 73467 1232 89128 78821
2313 20
30250 48638 35572 18885 47687 19442 20863 29926 43444 46411 28460 58997 96096 17685 49659 84401 92673 70097 83069 54338
8984 20
57582 91919 74661 55067 17908 97532 27151 69578 95310 52831 4737 63146 48797 9453 66188 29022 48952 32331 7517 69829
9535 20
95388 64372 10660 34938 43180 54056 75980 37307 10276 61221 79826 847 68240 76331 36856 97596 70220 34928 48480 85320
7910 20
10951 57938 32439 97902 99337 8794 99522 64885 73452 69760 67778 20787 71592 61836 19839 12077 97655 53740 21206 50267
6230 20
10744 87965 27084 37877 42853 63588 1602 15526 48310 42294 81889 95009 14876 64171 79637 12152 14925 54422 43039 30526
1399 20
14498 10558 58834 17428 53040 46915 68936 87364 85152 7660 38609 9121 37143 82535 54174 59639 4123 21927 84895 24787
4855 20
96900 1671 27092 74976 44135 48909 21275 50795 54726 42704 61253 96302 60112 68090 49002 61824 66955 85241 46226 51015
1268 19
37784 97669 73816 17540 46618 17914 12045 42468 99819 80268 68325 85192 5787 47798 30239 21854 98037 6648 2779
6327 19
44738 17312 49531 75885 28670 13024 73051 30031 81507 4165 18304 17976 54813 30559 69984 29164 97058 85312 20231
2252 20
6297 94128 48674 68416 14864 54837 28909 12246 61904 5275 98116 75086 20491 45813 43402 66032 45591 37181 98399 17897
750 20
51654 60875 58691 29780 33695 72284 54682 44190 92071 70699 8859 66429 25166 27988 22160 45847 22942 9158 26957 61805
8363 20
10067 17958 21268 12905 90492 79757 22066 77027 4338 52197 95698 24495 421 8218 21457 19297 86460 75160 58215 13267
7049 19
93820 80390 99000 13986 7428 40964 65391 21635 25020 21281 40666 87674 41079 2097 79433 62167 21683 65770 86659
1751 20
3221 23485 51072 77078 10173 5504 82455 76085 1225 98930 38477 13126 75106 18610 54011 25177 45212 85976 59370 530
3445 20
42696 27253 21852 64997 44515 67596 85296 54121 4035 34801 38675 66283 4892 86625 81792 51247 37423 33382 61680 96884
5330 20
35261 89619 98215 78884 48011 25093 40594 32977 72322 72909 83927 28203 11296 4424 91201 95679 14535 93397 23615 73582
8531 20
98543 36364 52444 47191 1931 87376 179 64312 65222 81979 31881 29678 76901 45256 63130 36051 51681 18210 30210 95539
9577 20
35161 70471 49745 5681 39698 32744 47865 47131 2887 83488 21792 22691 83169 81441 93253 77890 61011 82330 25852 67762
4489 20
41938 81461 12329 96407 61865 71731 18920 81937 64161 89327 90061 47723 29226 23886 44459 82217 50872 2601 73178 1942
4005 19
50223 54756 74340 10721 1005 65563 71579 53431 1828 28436 17722 26570 48175 76007 17846 21799 86819 70546 5108
3734 20
13475 64334 67553 27769 28701 36570 93150 55805 43818 43495 70407 41576 31610 52622 77434 40928 16926 45804 82323 34583
9405 20
4871 2702 10460 35384 59715 64695 3451 47208 37428 46421 85831 8846 4380 96985 71535 94000 73611 10613 17967 78778
3260 20
61791 89863 15742 74932 24043 54925 76746 39142 91237 14826 40396 3875 66299 45027 64924 93053 55655 96228 43231 72765
6768 19
52805 60876 91538 78517 75757 75672 82863 31678 13245 50894 30783 25946 63908 55850 88814 46691 9259 13673 83608
3779 20
28976 90762 38003 52982 16670 75632 65439 46538 96139 75831 83184 34727 62673 53340 57981 9020 99834 35710 62648 33981
158 20
59994 40916 7136 74345 80158 37704 54957 59124 18337 9689 51773 46500 29961 93386 18840 56358 40091 24685 76297 41869
9376 20
16020 88445 82211 26277 17407 53837 16849 65801 75734 22372 86351 49877 7392 88507 63874 15653 55651 60033 18129 62276
5844 20
56456 16876 74024 30088 14098 91261 83846 31592 30325 65352 34687 80473 31017 53695 62655 79640 85756 44659 89861 65480
1492 20
32637 30988 70166 77029 42748 75541 65626 13563 89478 65481 84349 71838 79703 52358 19638 85652 43939 92549 56758 38993
4418 19
80276 74273 76399 8449 29282 57803 33205 19681 67755 13175 23067 66886 86946 39182 19468 22534 60606 41108 86187
4386 20
55589 2757 76411 20278 41768 25605 27770 1441 51559 8144 70149 55159 50686 81146 74910 51286 58984 41057 63486 53983
2000 20
99914 37339 34333 96178 13913 11706 66264 60494 15680 86918 45716 4784 88835 87298 67626 57057 31211 26922 59914 97631
3358 20
56633 76535 49444 42331 4134 64746 509 75103 50566 88505 38521 99469 2243 3125 8879 51928 87713 19128 93001 52329
3885 20
76056 24058 76958 22404 73569 22060 63370 49921 86846 20905 11551 18516 63961 53339 50866 45779 6336 88956 3729 36483
6771 20
26910 6711 7836 22678 30893 73974 91612 3648 55391 24799 91766 1521 55607 14305 54073 26978 35489 964 31153 25832
4376 19
67537 67236 36979 11674 29485 50534 93326 92619 13235 39423 85611 35578 11920 13887 61068 89574 89126 6162 98040
2889 20
53048 33674 94725 86082 93968 17271 8955 18824 1007 89871 57954 8516 39403 44160 38422 12209 81361 51893 4231 79339
4206 20
77600 22621 72813 51832 37183 77130 20205 29475 55755 50700 46055 21535 15325 26379 13065 45825 60437 19469 4095 18792
9544 20
65299 15330 46689 29572 33301 46874 82980 65184 60883 67101 72748 30467 83673 90056 43595 15400 87756 80124 69753 52737
7085 20
29796 90552 65478 74389 28941 18898 45590 69555 32294 18032 49080 11216 59008 177 92421 63846 1085 58960 69414 22645
4433 20
54230 63561 12864 51197 64294 19352 51203 66372 84020 66206 27731 10802 29276 46541 23365 38711 94976 43036 68362 53097
9619 19
4945 22074 81817 16869 89384 71889 33053 59750 94054 66905 8715 63514 41545 93670 97570 53603 99231 74864 67923
6516 20
96845 85565 45138 33632 16781 62846 93805 65985 5113 84723 55852 10925 99145 21877 91852 46630 57050 38420 63543 77689
6416 19
47968 95684 15413 31915 20964 56390 45119 5425 66830 57172 81253 99308 10158 90005 92349 52550 16620 74318 10699
4871 20
68337 12492 17164 2030 55914 17652 66996 50357 29616 42134 10014 11543 72701 18945 79041 52743 98377 58146 920 83073
1949 10
24096 63589 82966 5658 99572 29512 98832 2883 75188 18968
