111
594 199
61091 45201 66306 28983 53532 68844 44439 18435 24856 77772 92411 26149 14903 26981 33243 1660 51621 86513 13254 45597 55281 23332 58821 71357 74593 31876 32033 35158 60297 90927 98974 22968 25884 32404 2348 26767 22294 54529 33059 46109 19986 81433 5216 30744 21413 98246 51513 95675 26754 66277 6500 40993 1968 59042 25217 55230 61651 56629 85882 29197 21472 80044 55689 60819 49036 94069 58605 87411 66342 71299 19848 88583 97769 16578 75898 24180 46838 92857 9091 22017 98273 99093 5067 12393 74382 83580 47230 23400 95984 97923 71269 4802 51039 88354 9930 41467 18134 38393 13799 38264 52830 25255 64757 7662 918 62807 83469 25491 5107 52881 95445 19064 73764 90428 77697 1191 77811 87861 63168 41678 65441 21167 46919 49529 5602 3638 5249 49515 15304 89277 21370 34789 78128 60530 12206 67198 97668 40131 76884 61864 42757 61361 63147 97564 55970 21832 52301 66669 35999 98484 3204 19589 78037 37433 30241 93094 85100 60996 23216 90740 88765 12662 80930 90107 43579 33224 64221 37303 47510 88659 90868 577 38396 56314 30973 64225 82693 68994 76096 21682 66067 93361 49348 34178 55053 95780 88441 68853 82439 35968 66465 56735 2839 99411 18994 67752 87421 84312 88553
690 198
74576 98833 80853 86492 5160 47829 76712 3967 5242 21587 48446 14076 83827 93354 46657 3887 52291 73295 2618 76192 54247 51725 58581 20969 29749 90548 95452 96106 978 76208 92356 61224 58086 64742 44426 45055 459 29073 81526 47505 70043 50396 60672 74979 86731 41199 98147 17408 64466 7862 55100 80983 51693 2231 64040 56958 27442 73864 56348 80165 69101 84158 59921 6955 55292 4730 36410 28045 25729 95669 23760 34367 6069 68927 92785 22492 58690 93426 46580 86584 74654 52688 23470 94391 50884 46620 10750 3703 89925 42595 55913 43190 62889 20860 80371 45127 74046 53362 86714 63344 69320 2050 75769 58893 23893 58203 68623 67058 21933 73151 74279 18211 82648 59167 35776 72059 93491 26623 4689 81801 8801 4329 60715 99475 84333 97353 31781 59870 95553 80329 29349 25710 98491 37580 18417 27486 57699 32807 30765 95302 970 41091 46766 38717 72026 60182 75952 76538 25673 86619 34069 89282 14720 65309 96851 89014 68114 33539 44346 5974 75102 81679 79792 90373 58009 23022 9104 35555 82520 67246 19334 87885 40194 16520 8313 9832 65442 24241 22565 4346 4129 72123 78692 56264 2211 82501 38403 79996 92139 86510 56937 68691 49752 71901 2826 71265 99346 59962
555 196
28595 85662 78094 81441 96579 41859 78191 45542 67303 8205 68349 86759 21513 78357 64608 95050 11414 54978 13395 71126 82714 71564 26267 88590 68356 66050 55025 87983 81042 32979 74307 71539 4778 54339 13017 69374 88199 38815 50964 22406 81036 30967 58547 48567 60126 96935 36188 7169 78885 20554 12566 91845 93540 72395 64406 67184 46029 2509 94873 27963 31880 52352 86589 25624 41398 93153 70363 9842 85706 61212 20707 10943 55623 70095 71208 46696 71209 72869 46339 46967 24886 11874 74714 6284 41031 38388 23246 41862 74988 10257 83583 28847 29984 96673 89289 13967 13841 6397 45549 46676 54088 48713 65529 32665 94180 38612 42174 98245 30821 17670 76772 79316 84020 2967 27740 10716 75284 55925 38167 81163 15972 68087 25076 22592 50127 167 61409 56801 55824 22812 77431 96277 44819 64765 69336 5108 74912 37519 4358 71718 84876 49321 16094 46131 95873 17378 58267 98549 1348 29120 22815 45025 91204 97119 82060 60963 17789 84657 55699 46322 21670 41329 71654 18650 10948 94462 97730 22010 1424 48796 70480 7478 2863 21456 94614 55893 81141 45514 11491 79521 51281 28917 81715 24905 45506 30039 52876 88143 72865 68714 25834 56663 94347 54608 91615 83128
600 195
27651 56318 32298 50323 29542 22903 43726 46104 25005 96227 49473 36826 10816 95157 88140 6730 91378 15917 45209 81532 81697 3460 52580 1178 56545 80192 91550 19900 76288 4404 21870 31466 56601 8548 8438 47786 46315 63493 71103 12819 77361 69261 67401 71312 50702 73651 42142 24072 8917 24851 86498 76104 13714 43285 24411 97202 86629 49412 4634 36086 3770 32873 55214 20047 15485 19574 59631 41711 72399 45078 45281 44612 22139 48550 79006 25543 39068 9684 24505 94991 9183 52815 42820 74405 95546 83791 53619 10895 42051 18429 58459 58015 71384 16700 15235 79930 50313 8099 93375 31590 61167 66142 84349 28150 85118 72426 82191 17625 42377 29478 86720 65272 78103 8782 85965 46371 61950 69987 35301 33002 39075 85056 56693 93324 39242 59493 34273 81620 57350 16420 67205 64334 13114 49035 78315 38528 62758 41395 77129 84815 21300 67629 35824 35548 63822 9315 64586 80770 5685 22695 3153 73703 68320 55414 3754 84799 19217 22905 30509 43871 14977 73620 26656 72585 93611 95325 99407 91437 82954 68621 75878 13339 25395 23293 46430 6595 14176 48324 35294 41012 83397 64484 88144 46332 12463 70366 70416 75559 21508 67175 56592 65332 33781 9984 32861
178 194
67638 58448 70059 24486 20509 74061 1333 35808 6945 85184 69953 47965 34437 6796 38306 75805 3695 73589 5141 46577 19421 87415 63374 50303 38544 6321 34035 45171 56203 22584 14674 17867 70670 5543 70904 27378 64955 3106 19801 388 13344 96244 81390 56759 40976 45111 23173 94795 675 24089 88198 89391 55186 63430 63901 66266 31920 46293 80794 55227 9171 4520 90904 10885 8610 98402 99536 91045 76435 96802 30864 98130 37545 28014 7744 52112 79822 54996 86718 59103 61613 46299 31051 55508 62035 45349 85519 77105 16296 90035 40543 87083 56621 89596 55482 29712 2559 54319 25505 41206 56813 88719 40897 38903 44707 73877 76394 82986 9046 97184 90773 40593 21606 93841 15444 35821 78071 25398 62722 75937 95001 57109 32663 89671 46529 96924 89380 99976 87570 74152 429 96435 38272 92044 10463 12302 9677 12120 63753 65052 83592 95776 73468 13180 12856 8740 58177 17798 33897 96449 15587 8544 33580 43787 64051 72941 51460 69856 81054 70755 22684 82617 88417 54730 643 26384 92811 83934 24273 77986 18830 9504 24227 90262 69683 374 18549 14018 47514 21958 53082 88065 20389 43269 90186 11195 18930 85431 34001 46643 78186 43475 24498 93752
209 193
88322 83533 73171 89401 88707 52407 6062 80907 26356 87567 2033 85490 72589 31004 76353 69464 19917 29207 20767 64975 77317 39957 77915 18579 99556 88019 32570 28228 66984 3963 15552 70438 15950 6495 52426 59445 10206 19713 34778 34861 25134 67309 61963 32315 43265 93127 54136 50907 7044 54664 23085 98694 35186 49911 25413 76166 56639 8396 76856 62503 28072 83846 92685 48019 32484 77998 44832 23352 45216 11459 50057 28833 39697 6188 83734 19318 21262 88808 67124 30854 84737 65508 65886 23213 60091 41509 39268 537 15250 16005 95098 14841 17809 21804 40398 2906 99907 70441 68930 93282 15375 79487 64361 94394 79335 46219 87621 53820 40187 26181 91432 10876 66965 13813 13484 75684 15477 71473 78557 59959 32287 1052 15873 79808 70504 48328 75800 1785 44928 83037 10652 35961 35341 66917 12860 29719 15403 2522 34567 88365 62980 29379 36463 35448 98663 49775 80254 48884 70228 19819 40166 27292 22113 56575 54504 10754 60414 48493 13391 83022 45077 79402 43462 79706 53865 40172 92751 39147 44549 69613 49463 20149 36382 74476 43925 69736 16546 66977 59778 39498 57762 66980 11105 99646 49289 22369 22692 10529 97300 36162 86226 77739 39054
597 192
71762 6887 93418 42425 45742 55755 20158 35592 46724 20861 63912 20086 55301 77254 95586 44468 56290 23914 29532 51000 32515 41180 54950 68797 9344 76199 66970 47513 25473 70099 67827 59091 59027 8217 65949 64555 93192 28096 11568 10676 23351 30122 19252 58621 91157 3823 41729 41778 75722 13419 16194 8270 32536 13957 1375 36869 2756 30702 46416 94929 4994 15690 92886 26818 20965 20290 41465 16617 64525 22273 51337 32384 28508 70687 53047 69586 21949 61844 75314 84682 58019 47064 3734 56000 46540 14613 80524 68237 33623 42685 23829 22703 3085 40317 29778 47559 50094 16019 18891 91862 19615 42489 76542 2665 46195 35587 85538 6447 90266 98137 49390 16677 48411 79010 91067 18267 32810 74538 5190 83796 86330 55711 40393 37297 48062 60081 56134 93899 65711 30698 54991 1148 54385 63174 54924 73994 21264 97856 45998 87764 17725 22669 420 74775 43997 17100 76888 65955 44128 30790 64889 20891 65060 52624 97070 49615 81511 76457 99392 46475 92308 91319 45761 8907 2337 50048 39885 18048 64263 62116 67746 16575 55743 83323 45286 97863 31522 89517 42358 22320 74621 7763 32014 63305 95038 62991 6352 29682 69493 57553 45059 92208
995 190
92065 81338 67336 74142 25424 30311 59446 41845 14150 99391 24083 34109 355 92891 802 3580 6192 79244 33041 43946 22471 20079 10857 93627 70333 57897 36962 32779 49146 65138 46728 87277 72342 46905 6544 17444 179 37367 71171 28424 3438 66421 15391 67448 96648 46058 71897 54042 23372 55727 69843 87376 23712 13040 54777 43632 84879 48687 24893 43452 568 13190 64286 76418 30421 24143 49580 8700 13295 51804 94969 44853 47891 51540 87456 32644 30699 24947 33778 99908 92508 1130 61281 45126 86417 37591 95118 27857 13607 4948 94095 15068 12553 37855 92470 80582 38355 42029 4249 95629 38303 59472 14091 10563 30470 66746 47033 71369 71682 4068 1435 80000 55340 92401 96519 38994 57968 28210 84823 73699 59406 18729 61304 38316 70819 87436 64301 70878 54491 74734 48717 37349 31641 97692 71990 28235 24785 92996 12886 43564 26956 2986 38220 57452 69731 20746 42645 91613 29192 43257 10352 32823 17486 20668 56494 37940 21079 51083 33987 98235 5544 3138 82069 27139 20618 31407 59156 80620 66814 2305 5498 20943 67298 18074 80600 85357 1167 35477 32950 37035 39422 70915 83350 34746 54406 58288 59084 16116 79938 92504
808 189
9879 72879 29870 25133 78176 6165 17401 3604 41822 82064 43765 87284 59330 98630 29095 17073 7780 82272 51862 90408 16636 50856 13503 99621 48725 6536 11621 95673 37784 52027 8842 28997 33174 74018 43699 39178 60004 18543 97903 63014 76261 92696 58793 32559 42223 69635 36477 12809 20331 82337 34049 46704 6038 30646 62360 62264 56401 19895 70991 70290 64145 12240 4856 89492 97618 38626 70800 34173 49121 21539 84510 8363 93874 76294 29739 13497 87591 10055 73050 96770 5002 29599 22873 81282 86641 13663 46344 35625 38380 26141 31930 86882 60683 56089 59304 34219 91781 54589 67028 36558 94259 73258 63658 12747 43318 83058 35667 46424 30986 8654 98839 14830 38086 41813 81481 51163 83898 76515 92550 19013 87880 58000 51191 65611 45654 62669 61508 97844 50132 64947 40859 3936 35568 2588 59149 2359 32826 4748 12276 25154 28262 93726 93552 7508 33958 89213 72177 27860 5133 11479 38808 73138 94618 97589 73203 91080 49374 35703 82928 28255 8037 36976 44970 34794 89206 98099 69441 98886 96641 62401 62882 3655 40515 18580 38867 11046 99574 80492 65767 5999 23907 25141 94369 20856 46571 97642 58617 93026 36793
4 188
5189 36513 47971 34652 89349 65969 83373 42742 12453 12769 39350 22230 81769 3260 34882 16308 59965 23265 93348 48234 90954 14653 3993 40294 32918 73057 79070 7743 1901 51008 91924 28185 72072 74917 22547 53959 55540 63354 49016 54036 10034 84159 35131 14716 62896 84425 65420 19300 48428 39255 37021 5182 47161 54643 66845 74509 99476 59099 10958 1097 1516 76873 63539 3848 10270 13195 16924 30372 90964 79269 71432 20992 60389 50626 9401 18695 28093 53720 1243 27169 48429 54144 23772 76762 10408 16747 15042 99188 53493 19564 38682 7518 85031 78648 75616 16318 55115 80154 60243 51809 86652 43319 49849 51061 56745 97695 33565 24421 6229 59920 60572 52516 40479 24361 80951 31792 49635 61781 49423 3705 1666 2012 6490 84841 94240 500 26577 49318 30334 72009 47113 72166 76843 8058 52890 33833 42857 81572 38058 45994 78468 46915 26482 3429 8254 87507 79448 81530 80817 50258 16396 82740 13546 10929 15456 43178 71697 62605 52336 11444 82428 17275 69730 49297 23463 66242 57641 1780 97390 26934 25421 78140 23155 7726 60502 81223 77663 6657 19852 62086 30479 49355 11227 34571 205 14729 74642 51836
577 186
60616 2532 7377 64798 65996 93262 52221 42015 91959 72297 52564 67706 80893 26770 36938 59818 10457 40321 3901 13993 34262 15667 93121 32764 4040 71858 86900 25636 26211 60151 79605 83165 30105 54676 16218 57987 40820 13791 19273 73693 37542 81024 93365 90618 50473 90434 44498 14815 31501 94909 2941 26501 63607 67831 21415 86158 9313 26362 79718 1696 69208 69405 33177 77803 71658 70673 72562 81477 41487 5278 81984 89310 31675 33445 14206 65436 89666 16326 22990 10462 4492 81312 54805 97176 25485 91878 26417 60363 25366 28440 3129 65954 44140 92397 34545 29546 1991 83573 33787 45230 62946 3747 96619 77135 68800 37890 53972 63455 93308 55187 96738 67445 68983 42919 9482 19449 88184 30466 47743 26284 1557 5642 46653 49025 11822 51404 98436 41185 37154 76678 75552 92418 20614 45995 7234 9456 66629 60707 85570 52809 45775 14422 49845 11631 53925 5844 81328 31654 57328 31493 57856 60829 89740 58024 26152 668 33920 52094 9613 90998 94315 51558 19811 21279 28052 13252 90630 71598 22853 11081 66252 73371 83209 99815 43959 48604 60850 99799 36484 30318 51656 77012 73162 94610 45685 4654
210 183
82636 21946 54897 89051 93664 98030 69138 79753 36176 6638 97990 76652 14337 76831 13564 37671 6085 71701 94343 74796 25939 68242 92300 842 18704 12783 60723 43368 81 10954 69946 37346 23259 48183 83260 47726 50668 63918 39614 29088 49500 53631 94308 78844 12985 83848 46511 90206 96942 8458 59048 42673 53644 57071 68602 2188 15383 15638 93522 46052 3192 35634 54372 60356 55217 41814 39045 87674 89456 82783 47487 2285 86070 7589 94372 83661 45043 94262 41143 48117 54108 99695 39566 72453 92376 5416 59534 94312 2549 13289 78555 56763 40682 40115 1532 68216 72786 35958 18254 23816 24189 24668 7679 84556 24352 72247 96315 75279 68103 5571 1540 96176 86343 58505 34324 56427 4212 48472 61319 98084 4896 94864 83871 96139 10564 29109 55928 79488 11441 94857 23612 31123 36528 75445 3982 49143 88550 85766 28256 21331 69804 32314 338 31313 6412 29436 19259 79238 45112 10220 90581 98297 80734 21068 98089 60641 59762 34926 74697 46688 99746 17655 80900 31648 77736 86366 24196 92406 87145 27423 42211 4787 22713 27216 66550 6790 36591 65300 95888 55183 20182 52967 93775
373 180
48436 95626 31155 63808 78771 19378 97937 82247 30593 33130 92720 41124 95083 24435 59969 43407 52732 65682 97628 68000 68551 67292 4300 90763 64047 64862 69108 32368 12177 50380 52006 97035 30502 68854 73963 38457 70195 70518 34088 60934 48960 25819 37499 66626 38169 59246 8118 8597 77170 52182 65130 6381 39364 32120 48860 45858 58058 93046 61544 45473 6697 6310 19175 41146 69810 72419 46485 92568 95479 76305 58246 66682 90191 21745 68609 27099 6984 17578 24365 27602 47712 85101 38028 64794 29484 27656 29000 46981 22162 28784 31034 71841 92784 54844 83894 58520 18944 79807 3174 7492 97340 95297 12187 85105 29398 5963 44726 31242 72052 88251 5380 85449 36232 75357 81039 95090 41351 30725 12267 68890 33954 48769 60794 12209 93358 58066 68148 75723 3600 4445 43882 92117 66141 15628 40271 80601 30098 23041 50522 51652 14945 56597 62705 77583 97911 22130 92373 82964 27415 72493 17738 31214 62631 28446 9908 81546 48660 55725 52009 34986 87497 85523 92757 27928 24834 57814 23568 29273 37967 69453 23733 25938 33673 108 24805 31861 63726 85451 26054 41162
314 177
36812 52651 90397 64152 70880 97957 88201 7404 41453 7545 29060 35359 35468 63194 46222 32903 62768 81602 5946 9994 38147 84990 8454 60487 80508 72955 54522 24292 88932 63275 60857 81062 85000 65096 51422 89434 71801 56870 27493 72449 79990 98430 7370 15362 15062 35917 16272 80667 78913 19914 36414 3252 80759 37460 69448 17720 2889 81182 258 72716 83486 25320 45471 79390 67154 33970 88382 88941 38421 43412 67299 55273 71606 60858 56129 30467 588 36568 18335 29234 96546 73483 88386 55794 62421 37987 11901 44407 8346 69902 22642 79726 27560 34988 6154 93386 59500 50731 32333 46411 35885 25158 31897 28504 90463 32323 60545 80748 18555 22888 87065 1356 56249 44070 82144 87024 92503 19833 15168 82654 24348 57513 95220 5601 77465 17491 60960 54514 57194 16880 77982 26131 69160 96550 51260 85786 28373 67938 78375 73421 49940 81638 25386 76318 73729 37923 50651 16895 86102 19468 19168 52738 82182 18090 33133 78283 18143 59913 47926 79229 46028 29226 44210 73156 52779 33319 86755 96200 45752 35229 68580 90449 13243 32402 78656 53073 14226
117 175
70289 74413 85926 96531 23459 22205 24629 94172 9116 3595 35873 71919 14277 4105 84733 20175 99549 54140 45567 51823 43341 3013 61843 38091 35789 93335 6723 36286 81195 25509 16756 37566 42278 77601 28078 5776 90691 57481 10404 3720 57753 73744 80914 96011 55952 13679 91911 12915 5136 39002 39508 75375 13862 40770 57563 28893 52894 33479 51696 46994 26631 93038 15973 12349 81560 77561 18848 85903 20066 96660 20571 55295 84549 98118 65015 23325 88034 811 30809 71500 98918 42481 27351 18291 42260 43250 66887 80721 43668 52213 54488 37806 63321 54752 85094 64055 76641 14523 59240 97130 53036 53781 2228 41654 92820 6459 33702 19844 34145 87894 77388 45251 4794 78859 9792 11576 85919 791 91356 1368 32457 5837 35403 68568 6404 90471 53361 40247 83220 68021 6973 48114 95307 48214 16621 48302 85526 69571 76611 28578 49093 13496 20022 4159 42735 69816 59601 28174 91882 99555 53174 85117 32976 23660 15499 70011 69420 78970 9899 59059 29769 94039 17034 63637 67355 72190 51302 46869 86309 88543 76347 79393 59285 62685 98708
216 172
84123 86458 33303 27193 1823 15374 83717 69241 30945 53422 97347 21583 63786 48392 724 15880 12046 1501 16059 54395 75127 82384 71589 68945 5875 60906 3201 37478 48267 74187 61152 135 52921 93078 52784 2480 71804 50436 68793 75511 95582 91134 70319 73869 52140 59698 71547 70988 98382 16454 18089 5562 4785 93428 90784 1158 47666 3036 67376 21800 73086 40080 87918 12110 54753 96984 63909 88448 15057 12395 85059 75828 37257 76947 50059 86119 95119 44644 77990 44772 69512 1528 3002 7756 86872 45039 35089 59482 67996 71115 33717 1351 15538 61612 34272 83529 7170 94838 69249 33411 36404 69049 19667 17935 90688 11810 70147 12805 12086 26425 43100 85462 83033 18709 99288 67910 86426 59130 82700 96528 63622 20339 34444 54604 86791 83078 57098 85415 58896 41597 82856 69653 62990 74458 62723 10699 32425 89901 85548 23140 28238 88321 53949 6196 27310 40439 31728 98288 78539 686 56236 92099 17993 20985 91166 85482 90959 17974 2671 49656 54229 16048 4026 55877 25266 76221 55996 29081 43763 3956 33873 29811
205 169
42295 85709 42911 31525 27336 89449 99207 57593 3385 95374 2794 59676 66043 78882 71328 81860 77424 50622 32827 26555 78478 16424 81081 81630 50384 57005 90527 94996 65746 16288 71292 18040 64124 55747 18236 50311 94719 11354 67140 86579 60495 48730 90470 48454 84332 8556 37366 63739 86529 64634 6832 31605 12954 45541 73684 27296 5738 7230 63310 25054 67394 70583 12323 58238 50001 40477 78890 42139 13741 19530 50346 41861 17244 7609 97883 23433 32921 19282 69519 73097 79944 23135 25296 18278 36093 94763 26545 6807 86636 47578 98322 37524 83622 48901 44601 44791 77933 6225 42905 89297 55625 75709 55519 15074 64541 45701 83953 41037 26925 87966 8415 18208 79977 84463 65534 16539 71731 404 20473 18661 96506 30858 86177 7682 97946 40015 59984 25603 83941 47521 90832 98772 21314 7439 45633 62892 43373 85505 96822 49397 16846 79422 53743 17197 3518 29555 37244 66736 40041 64505 35770 2712 68055 37558 22780 20498 45646 18518 97021 60059 97303 95423 71721 55201 53454 27150 37018 26432 67934
335 167
67263 59878 61003 49738 34079 16953 50566 47311 2949 52014 86997 21064 58155 13764 87032 49367 7846 83885 70592 51270 73348 63432 34619 89549 45743 76030 71812 68363 81383 42096 72262 31143 41839 18899 48124 5017 58960 3610 62029 50899 30481 55306 57195 58683 37897 23862 17149 99727 89246 11135 2913 10932 29473 78361 70612 10110 93836 3342 64478 81104 45435 32135 833 19396 92430 70983 96033 70718 57145 27471 66966 38871 52434 90310 84289 13982 54013 78564 63011 78601 54463 39600 86903 36814 12006 48325 77914 2295 3758 62229 39652 6042 4277 40939 51341 8088 73520 56341 21342 60931 37547 72034 3784 57590 30599 64978 98626 78026 23985 94281 38433 23592 39624 59589 97617 91626 71037 29354 57478 39135 18557 41268 18880 54330 8925 14009 58402 39920 42798 64858 97413 86683 71715 4247 98686 49 91163 8238 9486 51748 96169 44839 22816 11034 46568 56280 27290 80408 68234 93989 77553 56940 15343 93833 88151 57542 96464 56598 14351 56720 70196 57647 98295 99540 14238 3955 8726
556 165
57503 22902 62916 4883 1587 37492 7279 24342 90136 44314 69852 40804 77484 48419 72962 8609 44353 85146 25812 30951 27272 30069 60159 67281 11620 11652 9674 95441 50650 93566 13329 90236 90851 11718 84514 98155 62096 12811 9500 70256 3074 81308 27668 50284 19624 11935 98340 42677 27896 31846 25066 69459 98355 88273 12854 61088 71890 70021 74144 20099 34763 79091 94639 71002 90829 61016 55696 48728 49749 93878 69566 49020 44125 63066 94725 16505 40557 27809 44229 8574 48343 78169 62017 37495 71366 26722 88724 35537 45720 28007 42178 53175 64814 58664 92963 35088 62333 92360 79586 351 96634 16633 72945 12332 48721 62140 67468 47427 85364 49371 56893 97100 70347 97709 41969 41671 82113 12698 93736 82507 125 815 15965 23164 8758 31831 89445 77957 91554 35236 26606 1470 74711 91405 43106 16261 52951 66567 12898 68238 43516 13729 82107 53022 36808 62224 23942 68975 62371 14255 78066 93614 55489 86234 21186 99304 3627 30874 94432 66657 41962 82236 76346 23548 63797
359 163
56588 70209 89752 27055 15752 25024 47424 26207 71727 11312 71907 53183 30434 96616 37653 2040 53376 49234 63962 91031 35649 55160 38923 25857 48948 88181 21046 16837 77707 84952 82111 45851 3978 59628 24468 28482 98543 51526 74983 40003 48814 99994 70927 24880 61587 26282 46517 45346 41889 6057 42578 32935 38009 21599 49514 67404 35817 65357 83536 88638 97398 59021 88882 85629 76129 47260 55770 57029 16463 71522 19314 29466 58632 56060 82756 28347 41322 93924 96480 52675 45612 18532 8007 69754 29270 93500 29938 72521 11847 95275 53694 64396 74077 99148 58317 15686 90212 55735 66150 18097 62197 85605 69713 73115 93109 94183 15359 7645 86443 81355 28153 69881 36855 6566 62146 80998 94895 68031 26626 8027 52625 67135 6503 36263 36686 16245 46180 18627 95183 17173 41502 78806 63831 24575 9028 83624 50917 89909 6601 84886 61932 52404 39793 10079 76901 65714 15418 66577 95380 7911 49987 63102 82701 13135 38694 56329 21755 47794 52545 53691 68060 4952 18452
993 161
80753 16043 22707 44381 83807 27557 65514 16283 2847 93389 71977 57251 51009 77152 97971 67656 32909 62417 50741 75116 72375 67614 55575 23657 62185 57148 12169 46673 12132 32748 42262 73537 21620 88218 27399 49220 50072 93137 53871 41873 4567 84625 61640 51005 57688 83179 4435 92020 85211 21696 21237 92448 92142 23991 64135 28848 85235 1054 83282 39705 53443 71385 54547 79076 87973 91326 54380 51995 54537 24302 31127 55717 37761 17098 99567 28498 33076 36074 8257 85021 6937 13024 5785 29611 56082 83766 56994 54633 44517 37958 40725 77666 57189 30916 5570 56046 23275 73527 5805 72387 93501 15489 84447 79860 36672 46355 73797 4193 47457 72949 73508 20907 19267 56260 69582 11212 80472 77580 25441 3132 24078 70078 22502 63242 80115 44881 25011 75347 96231 28138 21353 69015 42947 81505 99211 25037 88579 42365 63391 83245 16460 12618 58874 83552 84209 78927 18259 90866 75856 82973 90331 45873 738 65538 7148 91484 64710 46661 58982 53194 49669
60 159
1028 4239 47078 33691 26977 98847 26403 49937 15154 4449 74240 49745 52013 98652 50155 32274 68941 92198 5158 76219 97416 92152 82657 31952 51131 30399 20350 2524 95762 20102 20144 24876 7005 6273 35329 7997 55912 66381 14609 2917 85592 64526 82469 99184 32408 63544 17877 60 95765 29960 78828 76250 65691 18141 11357 50328 86423 58244 21553 1002 44686 89718 75066 65588 57475 18109 68635 95353 59135 71770 50115 40570 24619 6649 97755 11043 38583 69526 18001 90089 20841 38856 61792 53327 64350 15975 27768 96744 65431 18886 65167 58498 91397 81232 89538 63289 18470 81471 38155 46897 48119 92222 58974 1537 33390 47597 80544 90288 35710 55641 29571 60191 23990 56445 1253 44755 3456 6151 47821 87167 49008 13570 91074 51923 49061 48956 53114 73540 11504 58513 88346 64300 32508 39092 99838 54807 28687 6150 56240 72842 58348 21323 43183 85401 31150 22577 21214 53369 15502 49638 36236 79345 68310 38505 3731 58971 14068 74231 99785
587 157
55564 92727 31806 95070 98725 13352 38454 75732 22295 70933 28545 17736 59585 72191 17601 76668 83681 63973 82777 71794 80341 35609 26853 78664 70077 56326 68160 49142 71298 72018 10475 33784 38281 52253 12719 72862 53639 27983 57097 33491 93183 93957 13737 25875 95501 3490 32421 61083 13960 93913 63079 22967 4280 5586 11495 94417 14546 79195 47377 74454 2415 73833 85024 19055 746 54228 47068 37634 58781 30208 72285 55805 58361 59946 61876 60015 6711 45400 61722 93372 70861 16939 19497 55344 74768 79663 52994 62247 62771 4770 94359 91049 48661 44283 27615 30913 50918 64113 72370 56877 86195 78943 24781 72132 92488 97893 63097 10619 87115 97357 45527 42596 99155 20011 93476 5347 69971 52375 53386 91384 97236 7812 41155 65145 29150 65866 22087 4663 13132 7122 12070 8848 7653 24618 98901 95805 63067 50528 30643 79364 54202 96428 59147 58124 24193 26341 97002 48261 68251 66826 40424 77442 76335 27816 79169 4537 24857
268 155
96852 50029 60429 54611 99157 78643 53085 73032 15210 61530 87439 78552 164 70202 29034 39613 45182 82744 42771 41471 79974 17087 35119 95601 71040 66675 26379 2681 97803 91886 22069 80300 70644 16295 1254 527 73306 46065 9856 26706 43571 54654 46543 40205 55260 50531 50987 36531 27270 55986 79336 23538 15251 83502 15708 93537 24549 95882 23242 25982 44222 54927 77148 99465 94528 63276 96378 2879 61378 37815 58689 81811 18616 87571 3559 24537 14713 83019 28527 39749 62681 4521 91816 25455 69539 34605 92022 40575 53068 49483 33763 83186 24987 83849 16795 91997 36804 42493 39395 85758 15712 99577 61825 19402 49674 48477 66154 5883 13032 11630 39434 43173 55456 41855 53804 76647 31901 7670 24068 44279 54945 84974 32848 83337 12284 84178 61892 54519 18492 4048 99501 11715 55636 2651 59228 68421 7115 53796 73990 28610 45792 5251 28324 62309 16543 71685 99286 28606 99113 40412 77802 94463 35290 16631 28472
343 154
80655 87545 31709 40411 89745 21774 83219 99973 34498 81398 57253 93490 70488 50427 13943 42812 37484 34813 24527 7072 17590 1861 74111 5646 46514 55775 46569 97975 13738 24197 84572 15331 3816 19650 71811 33900 44857 65045 67127 34500 36883 4788 43234 87132 90322 850 97852 14339 50507 20945 20317 28581 41958 17101 6896 76191 91971 85725 99980 54745 88023 57214 59362 47199 43455 15890 48346 3596 99010 35138 81543 79714 32756 29782 4525 45303 80036 9741 99661 8144 1882 24211 74448 17152 7388 39734 62186 94288 34410 35499 97083 27432 3830 45788 59307 138 80827 26069 6050 7001 83952 24627 71666 68833 81951 70923 7503 59219 56378 34757 41539 13466 34696 74868 94256 83693 18998 39918 19846 38497 55704 33171 17610 88473 9366 37458 49696 11351 28732 29056 94545 23495 47531 67039 26803 75227 54909 54993 62093 98487 65896 62308 4380 83745 94988 50459 60800 98896 32449 96991 41620 62016 77402 41756
76 151
75077 82326 84557 45085 38919 48744 58486 74097 30704 33185 12648 67191 7900 13681 88303 94910 2201 95069 99185 23664 9655 77846 15572 84698 62164 52130 61500 67332 1001 7483 77684 49998 50896 73801 23374 93379 16258 69853 98070 20936 96117 29881 68773 22483 49523 67363 93134 7448 2468 27512 19365 74521 74000 20667 56516 8306 32310 41298 31819 98453 16376 11558 23317 32916 9478 66692 78153 30285 76769 85508 5669 14588 75851 58759 30308 91228 36834 29249 88430 39963 33734 85475 94221 10877 61716 37692 40083 52788 41389 32311 34052 87653 7429 68336 19553 75988 81932 43606 30350 79285 37570 95228 75032 32622 28703 64581 81830 73630 19295 79659 92093 58678 57538 96746 88147 89107 53153 61262 68478 39438 88758 34823 81884 40159 82016 38182 66241 86311 44876 56878 19124 62002 14179 23197 81177 31299 59258 86293 23801 28187 84521 45837 18531 33726 78221 21197 55867 37864 68362 50332 69065
142 149
36735 2752 63214 72322 36822 44535 67268 3507 10143 32429 76313 63694 30883 61237 99323 66871 35572 98873 50182 2726 9068 46097 59914 72145 53935 27795 93461 36266 82600 47257 38199 52762 59311 38772 34843 13103 73829 67870 72027 25512 91440 43695 15195 28480 28101 43078 84872 6737 42076 28965 77085 54649 14465 90442 95364 40048 45422 18349 65071 37559 38727 81623 90545 8727 33794 16041 97091 17553 97497 23089 9279 44977 37061 78477 83621 91936 84552 48907 31544 38833 59196 22094 75823 29997 83515 35425 4667 73366 22158 2472 41939 39810 18778 56864 42310 44992 73943 96460 90099 91236 51978 19826 82981 47570 85335 30836 95371 28107 37312 49663 26822 88240 34059 21910 76049 28912 70665 2730 25327 86280 60183 98637 62897 33446 26565 34230 61191 62388 18722 18462 27411 89073 15701 60235 57045 76626 53767 58628 10761 11001 79057 55130 54278 53058 20927 46312 85224 20999 34034
988 146
31085 66697 23195 59716 65446 69369 24777 37779 93866 16652 95772 92361 90306 13076 64715 35348 79276 14881 62659 75187 68496 23841 31040 82942 7606 33497 91042 86046 17959 64711 40458 44059 65106 1221 19999 48396 95967 23787 75860 79962 2609 63324 33314 40921 41686 14393 79830 28419 45625 89114 86515 86342 62682 89103 47867 27136 33841 21521 97123 56229 67327 71824 54 67680 16628 14882 28085 77940 46237 39610 674 18597 29358 87761 89681 62327 16489 22457 74137 26637 32775 56509 27363 107 31724 71966 10407 31813 58435 19352 76702 9893 698 71227 40553 33142 67964 85510 68046 2674 2948 97469 95377 5203 7757 36529 30067 70025 51321 7774 77512 13889 1598 82968 94434 1772 43752 47522 66671 42842 3401 64965 92260 19509 4946 44300 96197 90597 76164 43986 13749 73397 34531 6427 76634 78248 45139 86052 57270 11757 13566 71395 16655 3216 84062 3880
150 144
10920 63336 27474 8390 66570 17475 30169 53107 71528 86551 20633 47366 26290 78909 99504 87529 15885 16136 87664 86512 26230 925 42115 7554 62719 68922 94477 20531 83532 76744 61069 54292 89040 7805 71741 69945 86413 85391 57334 28621 91481 37382 60457 54429 13825 19266 13648 32011 81549 90459 80372 82010 40158 62323 35856 63992 62109 87773 31235 27702 43546 18469 25897 26433 79800 71944 88933 90609 5565 83504 27093 28677 74469 80598 42614 95181 55436 21940 61550 53322 95892 5165 43754 23491 62512 11236 68528 57379 19782 69057 71525 83052 86545 30282 74115 52088 90557 19550 69479 6751 53748 68535 44885 99087 28886 19189 90774 4629 66516 40776 98578 81209 97697 38429 52986 38822 82551 19344 27217 3914 72793 3783 9082 56972 94 85166 28487 78704 97220 45421 94188 75329 10881 24882 25293 84134 5653 34711 57460 46358 40067 22940 33456 75108
410 142
86780 24520 62580 51625 3055 63803 1133 51377 63785 49437 67719 28540 5867 39721 97487 8166 29969 6081 20830 58517 21207 52466 55086 57839 10280 87731 59530 35599 57185 5333 15630 39391 73145 99005 1690 71925 21491 34240 71363 27965 49606 95151 66988 90869 38416 97558 9678 12251 10217 63378 76134 13009 62860 68137 2970 35972 72820 47349 38292 66414 4211 40586 48982 93618 30976 89339 54465 12459 11196 15408 34326 99141 47335 15342 19548 2603 11084 50733 56559 94625 8508 42781 88603 68071 49116 14920 72741 59952 33881 17544 73754 23506 44663 63796 84642 24329 91543 60818 50151 24230 14348 85138 69242 81521 36045 78474 7214 77688 60803 64481 15566 21306 20646 55072 15176 5126 86637 71873 61253 2506 82013 93863 61009 5461 70217 27445 47802 82368 9942 30055 26155 43903 12109 53345 4416 93796 65182 29439 68905 29902 30515 53880
478 141
20503 74423 40679 9850 65261 56770 7317 26334 57309 66495 25237 36189 10690 80555 21535 84854 3067 66695 98208 58045 54771 7011 94126 21111 32528 42252 26699 86060 98510 6401 37947 45585 86353 45496 2287 16173 79412 18593 85733 58661 48208 21504 83683 32547 30415 19722 65040 65739 41203 54562 79210 10735 26415 18318 94080 17075 92487 40521 6709 75262 20152 78347 75973 68090 49889 17794 55669 79277 10454 27002 52955 70759 58324 18410 76853 64107 903 68538 95575 66841 77461 79853 2292 72679 69722 94225 24718 10174 9042 1864 9809 92257 97508 47028 42687 30865 34779 65893 96844 88645 5919 30051 27210 49504 83852 78591 91178 31877 51207 36983 22382 69346 94697 54735 17754 88173 56668 83124 81046 48381 74584 24127 3142 79288 23510 12317 77785 60656 45452 68686 98191 88409 8100 53466 91223 81631 11977 98550 72250 82490 63366
350 140
48135 49654 56237 60922 76780 73624 69782 31851 72841 12932 1060 36335 16147 75224 46369 8481 5083 60002 77290 17760 41501 46362 42826 23480 66910 16300 40435 99506 75751 18647 84404 32354 18759 33507 59062 53475 21368 34448 25904 29893 21429 33166 94998 19790 65681 34462 43339 41325 98285 56042 40938 88492 11710 36075 72187 89055 77078 31126 11146 40950 90852 11054 3306 97013 59635 3652 84959 77733 43302 79804 90632 33258 21920 45404 20093 4332 3629 64834 7719 75315 40251 12141 53801 4508 63645 28820 57644 31280 44524 97000 3506 52690 66535 57064 78208 73499 37680 94888 78848 41077 50583 32840 26667 53397 65388 90348 28048 69768 26491 79666 41613 19060 18196 44780 29089 5823 52387 71838 89157 73031 99792 17582 67350 43713 13430 92369 16359 33885 8202 48490 90233 48709 22603 55125 13898 94329 30651 30000 80382 25764
400 137
55693 99844 25125 71130 86540 52944 76815 37812 38514 84299 38015 61540 67455 95560 27060 86660 82588 52261 58167 88662 89774 14212 75640 53861 46877 90344 32906 2916 89615 67544 17940 38472 56589 33741 30581 79531 42146 913 11169 1784 65051 98646 36117 45046 73261 12517 45480 82192 27672 31058 90295 29838 57104 87851 82596 44461 78346 29853 86067 36595 28823 24497 42811 98829 33426 33770 74349 98787 66842 19091 96741 81967 19661 98696 6641 78106 44542 18989 89238 14155 18800 53936 56711 7496 90703 88283 52319 83907 87886 8860 11842 44983 37309 66492 54794 81096 6184 15617 98181 10616 93268 97599 6855 55572 59107 38424 3639 22928 75885 4511 93503 24423 88790 61365 88073 99893 86255 30040 54184 922 94756 70945 17529 70154 20289 82919 92059 37453 68728 51883 1036 5594 38657 5434 31549 73144 59660
129 133
67053 43921 75534 32971 90098 91680 74158 60365 12441 27786 89018 30475 93694 61114 75504 10625 97361 6678 16172 50510 3239 85915 10989 6980 38359 53024 34096 75156 8137 51371 18491 590 67418 22843 75595 47566 66399 44188 45353 14928 65585 53268 79200 82793 51516 65911 62377 39301 96077 12573 45130 37894 10230 66931 39941 60105 7322 20770 78018 67684 98379 10056 14962 14180 12406 75043 17354 43295 87075 56245 17594 55758 74224 5740 47024 71998 99848 79693 82900 90244 82493 30786 58412 95317 8210 27301 28135 38224 52719 94944 62576 83012 558 39224 56737 95363 12484 51320 94017 12839 50618 7599 50500 19146 65411 54528 20428 34197 6792 10065 37000 70643 72732 35772 97772 81550 76306 29162 65387 14363 20448 44516 21987 31942 95516 41782 68202 73126 34786 36178 36213 80348 46952
495 132
19250 52445 42040 53489 20782 16787 98821 7747 73791 40409 57676 60751 19856 56919 58135 35433 35081 43474 87959 98747 30073 87418 13358 22729 43180 28332 22895 77888 23478 7549 17279 97148 83513 22450 43908 3165 36682 73892 73820 58525 90614 22486 95349 67365 99699 52479 91032 11779 65757 47081 13652 66859 40540 52930 31281 20145 1847 78486 61025 64960 60927 58352 95410 88651 1813 43429 27950 7380 10689 77951 41583 82292 29143 64169 32041 24131 64952 32858 87780 8504 34346 42606 38836 56379 91766 92653 22931 33639 27743 863 53115 1197 36164 87532 41427 15830 43024 14480 71784 40858 24553 54782 17448 22917 15727 89182 63716 76958 40800 59326 30890 29099 51218 30418 55691 63293 11388 51147 90137 25276 35711 73717 48386 31342 54857 13859 43066 15616 53039 62464 62826 55338
854 131
56552 53457 26978 95695 43101 31343 14395 23191 19024 88660 13846 24236 9102 66245 37872 90159 47318 38614 6531 92952 94542 97243 79885 82435 25989 51309 20906 16842 26169 24138 70308 17780 68407 50282 15231 2637 30478 39258 89306 21624 41749 72938 96179 71277 31213 83152 12840 18075 59271 43706 20141 66347 14705 21371 96816 77999 63363 14065 76895 33500 6818 81963 39120 10935 59267 49303 22147 87541 43766 54347 9846 98909 74138 45082 62740 83253 64155 37749 19006 63032 45389 93532 44742 15585 37029 50402 24027 8148 40179 19072 48694 50805 41674 31453 93157 77794 58080 2935 3642 89801 23575 83887 49799 7644 75010 43311 76472 3248 81371 48322 53659 43230 50444 48123 8819 93394 31294 87039 96949 36421 24524 94869 18425 53144 12776 75696 84917 32251 4278 31582 10525
626 130
14670 48856 57825 19975 13100 45014 46319 90173 37401 44342 44899 18136 86710 34854 70632 27509 84139 41191 85983 29395 43816 74976 13884 32075 34885 7928 48782 38751 83055 14501 65321 77863 86259 58502 82354 30423 11154 52666 63362 74622 87069 98564 9681 17111 75777 62737 65826 97449 61857 6267 82771 13638 60180 31029 10380 33109 92949 18903 29520 31196 9617 85653 58143 7942 80511 14665 19740 75495 42985 35580 24168 2661 8450 46745 96366 69122 53182 65402 80690 46478 91814 42495 28011 59822 81108 63137 23069 59504 56334 9904 32029 66820 72361 24317 63648 85134 44437 91788 90950 20097 26112 42062 92043 68897 70418 28292 39345 78383 67423 64297 63566 81088 48691 1047 26523 55715 10898 61481 46612 5708 47540 69059 63691 81121 55742 25817 74417 93709 88468 41784
476 129
87347 5896 38874 52834 6109 54343 27986 42794 84592 37976 56421 3696 96651 57236 98145 45081 16141 8067 34967 45573 42343 55375 45798 34996 92589 32077 17621 11057 73606 79494 40034 4700 90095 66445 17801 67381 71845 4400 75350 60411 51733 35165 94865 38652 98924 6675 68526 78976 75714 98967 40209 37922 28066 74260 99072 4646 74047 16091 48187 86858 68710 41337 6684 73686 37623 29766 86732 87359 90298 69643 56298 16780 26521 10682 91242 45781 20214 39743 66379 87889 93655 70286 52460 68518 31949 71440 75855 4433 38812 12510 19862 8410 18725 81424 87159 72178 37046 11508 64274 45374 74698 64649 40364 15228 89692 44575 85670 45696 24502 89708 81596 22622 34858 4077 40264 18008 20526 9045 20490 40789 41573 4155 93908 93883 27611 21313 85339 47270 9538
270 128
22062 54063 43867 59295 72693 22119 32018 49547 67914 47296 40743 51996 81904 15146 70139 40973 84678 35953 84154 3795 38702 74754 16624 29239 1694 81682 86291 49597 86994 56776 95437 99154 26809 35724 18558 10394 44114 89179 6677 79415 1006 35436 25778 33564 83576 94703 68598 37022 65191 61049 10296 86761 62416 40744 69666 29654 13122 80138 56114 72631 89190 89991 6720 91753 88576 3372 57847 2860 38132 6025 99377 34683 42850 11232 91599 94694 22725 8826 22453 69551 93250 25269 74447 41930 91967 56848 78547 45005 36141 19866 39025 70628 81581 58870 9766 19582 60531 97077 97966 14917 95589 52249 65667 47755 40195 40824 83995 5353 44329 56844 70680 37343 32814 91273 37783 22874 11610 14775 80403 76950 27095 20583 21117 9985 98944 7068 34004 97943
403 125
90806 2284 33366 18238 89139 2347 69258 76788 10348 35793 48014 71744 115 93828 22943 91709 34253 31244 63965 68271 28328 47288 95895 29741 92538 13917 60062 73090 59934 767 87642 57868 94050 33431 53134 39839 84783 38206 13107 51732 35967 99580 81905 56381 58862 27410 65146 24050 11440 16223 50068 62338 90985 34626 69860 53294 27935 95254 86262 97862 40286 26685 29661 72804 45164 71551 26076 2081 57880 11455 4175 96652 26324 16565 46911 2803 27123 25387 44390 59170 70085 44564 47140 35107 74404 88270 77054 50611 28645 85541 35569 49566 13892 47120 13603 2057 86582 64992 47949 53033 58716 14910 7984 12494 45553 20715 6084 54986 91588 30114 55210 35125 53898 56563 61728 18300 69406 31436 10887 6664 18403 96637 79297 46380 45734
241 124
36951 11578 94258 35317 61814 31232 7767 72671 70046 51736 25879 11550 11483 82591 5150 86891 64941 64231 60911 26467 20406 25805 44931 16689 75129 88649 64217 46700 46287 5369 37193 37122 99176 52998 53355 80568 19167 18404 41961 45493 95565 67436 94881 98140 77387 20523 77661 69012 6687 91111 12469 57499 85441 86339 91211 38076 59726 45958 89239 35007 21487 25160 80663 26845 93665 99345 33612 22172 53348 62639 51108 87408 75207 40780 54954 4480 57754 39584 82989 12272 28431 85609 45914 22280 99053 20055 10032 52797 98469 47331 4892 79135 33368 75845 52419 86853 92991 70858 50864 21437 43296 66498 68675 65304 29688 5955 46462 84810 89091 37852 50079 96645 38525 31593 98703 25163 62022 98859 88076 16103 92870 99237 51537 48992
23 123
68289 61404 15363 43399 287 36650 83193 62262 58216 57743 24448 60914 93873 91467 28665 4093 64820 70685 96703 5907 69800 73841 63864 28167 33235 63963 44667 53839 11452 91408 70233 85585 21048 22117 73501 95640 69767 37239 59603 51454 40422 19143 8945 52908 19071 81258 16613 45459 40033 78274 57624 81001 96364 93636 79812 69227 27018 93729 6128 52300 38136 35226 55142 49306 8969 33308 62178 79967 254 70279 95158 15939 26914 12369 77751 47264 64256 73536 41269 18224 47701 53643 66422 28343 77013 95864 61053 14221 99293 48535 23706 19079 69 36525 59935 40814 85218 36817 56612 96322 35373 33550 98485 77687 18478 52208 47373 83891 46433 62136 76765 18960 94242 22997 32578 13925 22236 11774 23987 90445 53512 37278 14639
387 122
35834 91687 59411 87645 36407 9282 2733 75907 48763 2139 75421 78034 57152 5311 44397 28634 34749 37631 44795 43247 52649 4146 17289 99420 7125 97044 36833 22802 28259 90024 41944 9132 63085 77114 10085 18867 28120 38732 23403 17990 78110 11678 69312 2680 20801 81756 73459 21488 46083 29693 72152 24103 41718 84773 42336 41631 16144 91112 6883 6696 87267 81382 35506 5944 43866 99144 38758 65297 76752 50813 80245 47465 16777 16140 84231 16357 78224 21284 49925 65974 43565 29263 45965 72557 32393 18100 24983 8536 79185 9075 16576 92547 51989 49662 43762 35626 64160 38277 28739 70828 80503 23258 74609 42816 37617 19701 91205 29941 99932 95451 61280 85998 21377 39375 74824 39813 79823 89272 44748 33874 61935 16518
794 119
55413 73269 70508 88062 37848 67886 77380 97337 94449 75994 15225 19030 92023 83309 10509 72997 35366 79722 56163 12037 97191 92697 8085 20920 91247 66257 37174 33525 89763 63466 45307 58941 86159 51780 81085 19299 45160 80547 54957 71437 14517 20218 495 99553 266 56306 12849 33391 48473 29562 75564 59263 60054 17398 31627 78278 61597 94829 21389 26058 1234 93043 49085 50088 42542 68089 97645 6555 46812 72964 73933 35983 78946 46151 34214 57967 41748 27594 76675 76544 55995 39820 72423 37820 49444 63829 47494 80153 63250 99458 57126 30300 52639 50730 65134 88107 73769 14031 93008 334 31446 34507 64174 65915 61633 18453 89356 27158 95012 63348 25290 96907 55037 53903 70564 90039 91897 56617 97705
266 116
32897 30289 31173 84792 60565 87875 89656 92177 4327 24831 92201 24649 43605 34176 67591 30143 83225 42809 72060 58197 545 70250 1455 59364 62869 28660 31380 80079 83181 8586 30220 95381 83867 88961 52644 82045 89465 41876 29159 18623 72360 25840 36425 48543 20799 17569 19031 53129 91915 79226 33100 84109 92107 72899 21394 64289 84930 34360 53002 88049 4800 73730 57496 87786 50083 6631 25837 80840 74055 35255 90 66866 56363 20286 59212 70702 96040 55957 57990 85028 29496 72184 60692 61225 8578 82487 94748 10924 481 88287 98183 12428 55364 20308 49181 71367 24986 11158 32870 84745 37071 50267 91836 34372 62405 14738 19958 90992 39192 87687 11634 45348 3450 2738 11836 33329
736 115
82378 17920 75298 41824 58889 85657 40280 2688 14581 48082 59523 79477 88056 38575 50872 43437 14780 57120 72281 61903 42193 1533 67950 87900 79114 80685 61054 15606 35276 46438 99995 8902 62779 16769 52032 75719 87936 49881 13678 22601 59111 34106 96088 75413 30024 14439 39171 45206 73384 35735 86884 82133 66539 49030 82924 68318 87977 99600 49866 27101 26464 64185 35444 16431 21448 23981 90499 21778 49438 66473 19904 68105 34319 72280 88314 2029 73388 95557 80519 19760 40551 52768 90736 13222 56989 88165 47441 96944 29755 92265 75152 87237 9788 93173 11139 69078 53980 24843 4756 32168 84597 89860 48686 51027 49604 90506 92025 7295 87026 97317 37709 50235 91762 51931 40556
583 112
38918 59857 87451 91175 29921 24840 67049 35362 32693 24674 70547 55464 63887 33822 48503 83567 38483 43177 77979 90084 18940 31987 87306 70074 92484 70169 3379 96696 88055 1064 19366 86933 5492 86824 94690 86297 65976 17045 46129 13066 65117 24285 48871 3799 52785 31712 16946 53423 82791 47528 19256 82226 16958 59888 70042 89610 14133 91038 8647 4323 8650 63476 7937 40453 33638 72016 43383 66713 50543 82346 16684 70057 71933 13609 1103 39672 72756 48140 76371 64733 48520 90085 23215 75160 41955 57192 55299 23143 90929 26821 32816 26929 95436 6434 47603 28515 26955 7315 85944 95841 16195 49210 7875 83523 98899 39927 19989 46834 54056 32379 31463 44888
125 111
42747 85685 606 17681 81955 23327 6219 3664 46305 16012 72839 77579 31236 26138 59613 83631 87351 74832 11611 42093 86336 19871 7107 45021 77622 31926 4013 73585 56581 33151 19105 83001 39928 58901 5806 95910 86896 27289 50445 97325 9578 11988 77677 60951 69478 15106 504 53996 27026 86011 68506 41284 97596 18816 31160 78660 49269 11717 27279 4965 4978 91546 50661 62305 74032 48605 29649 4107 15548 3881 36940 39828 4189 6339 3750 44712 29302 37223 191 67989 1651 3757 22805 82340 96747 81583 48120 8818 99453 4604 73893 31391 81466 91927 82275 37647 27648 87648 27452 65202 50789 92141 1793 57265 77774 50518 94602 65282 63966 99656 42692
563 109
12225 99399 19289 79986 10070 58756 87783 21042 49313 43669 99526 26281 79418 51045 55738 91140 81100 34445 44981 10235 38640 15169 57078 81264 34107 92421 52886 29701 9464 51017 15099 79300 58905 40625 90792 60190 89595 93149 85956 59293 25607 40874 90328 97622 13869 59664 96004 59010 33488 96698 22572 79394 7146 70130 19700 97926 12528 42219 38406 66298 4601 56968 98641 89532 97656 53007 91130 8231 60983 31668 51098 13625 84296 35692 71027 46780 96491 37716 37992 82283 57786 2398 66175 2914 52057 54041 96536 37363 18824 57605 4104 982 77077 87566 2760 74026 28793 42080 41231 93953 86222 39704 21997 25432 24755 56674 20520 87245 70127
815 107
95801 82023 44887 27245 554 35617 98439 92899 66622 93592 65717 85729 39596 42918 75581 14434 70589 46850 37422 81028 75283 27748 9246 82518 48584 34738 59923 81189 44014 51184 20110 74781 47902 45001 11827 38823 95759 10441 50165 25239 41931 63656 21156 42294 1080 13847 27280 53404 71713 54077 26666 37889 17776 27938 97944 55682 78343 43852 30970 99115 51675 64724 19881 73776 77476 36329 88012 8974 35291 74251 46327 36691 92734 82470 59474 87712 87388 12678 66607 21558 16277 55552 1183 9098 91334 45771 86494 11659 82904 52563 71072 8019 14909 91119 10239 59866 7596 38540 72555 65674 56437 2185 25568 36253 12939 61146 2667
491 106
75783 63155 88344 75376 81518 48542 67275 70613 53500 84983 71469 22155 71022 19418 26744 90686 63810 28907 52155 98835 23126 78768 7826 97109 17308 49243 39084 75216 63427 24229 45963 95707 12692 67287 10021 3408 73111 79734 50278 27772 83007 63423 57717 6302 80937 91935 18116 57102 39074 12742 12335 4517 69472 66071 280 73491 24570 24485 2250 48094 23684 92337 61916 85945 40165 41792 91269 74816 7193 14708 53803 26478 18263 18665 83831 87090 63076 70688 10727 97980 9637 68400 49162 57288 90013 59223 56371 8865 42573 61060 6393 1707 60115 35492 56793 63800 21572 21708 14524 95047 85400 69821 40785 3636 61620 70214
20 103
9729 82846 81748 69194 54206 68613 72779 99016 10155 27402 86765 28188 59226 4171 24056 82371 68822 29165 79840 65339 63287 43967 65474 65541 13489 86204 31139 5605 87002 23949 33207 34130 84711 65317 69326 1190 30717 5340 38683 15386 34810 33515 87422 56539 86211 10692 36683 46441 17883 22391 27 69511 29567 17051 17991 98826 5937 3552 66834 37355 70650 80903 13238 30959 26214 74358 26166 75812 91197 71467 51771 15217 81795 30762 78501 42518 35139 29817 41154 63837 3932 52655 78778 29306 51374 9770 63725 67144 77625 78204 9166 36424 97983 84608 68882 12420 23182 35480 68584 38188 38593 50102 30606
356 101
89132 80268 23964 49171 6268 29785 18826 68819 47780 76807 48251 76066 11947 81696 66220 66503 35965 71816 87637 52320 77609 52914 63609 76636 52232 42306 11553 82003 7525 1582 7121 30050 27142 68929 9174 97031 23441 94105 4383 84257 76237 29917 29368 4466 56512 44275 88164 6967 29418 64455 83070 24653 36267 86327 75882 44194 55896 70102 32192 86607 96763 81729 30408 10258 17977 42629 69672 27619 89882 29559 93984 72023 79551 9651 79265 79427 83386 22600 61995 30148 27742 4266 49932 18123 88980 18562 42086 61330 44696 23727 95247 7361 75033 17862 46556 4137 12093 58926 9785 21767 15814
962 99
64465 23783 47029 6962 59427 77656 56176 85678 26743 73874 47581 27130 11290 76101 29677 3780 48479 67630 7067 19483 316 97807 44529 93791 92553 39348 31634 49488 70382 77151 50296 5209 24747 53685 16555 90050 37353 78395 25794 44651 51436 49989 53558 51090 9120 78470 93658 13866 12913 82607 9250 35245 87218 19260 66849 60696 79216 16838 91579 47587 27102 9105 60790 47899 32469 35037 98201 59160 32707 520 2258 41175 69353 54459 27133 74861 22795 30373 52282 7629 75386 47861 25131 3925 33625 74323 13600 56352 55099 14088 75592 44723 29825 55352 32448 11599 48223 10082 64890
511 95
18809 60253 30167 25516 99260 60422 15084 43421 60935 49266 40936 99997 83780 95723 92933 30705 44598 65164 17134 28596 56749 75058 77214 19003 91904 26948 25303 53770 75237 26474 1151 21025 69542 62628 89342 64643 72935 37477 22550 16360 73967 43420 43391 70087 27618 17546 10400 31176 30079 77763 82571 23827 86191 44074 65049 86940 49790 70180 40925 15887 24734 19679 57931 70203 84553 11353 547 51256 98539 58909 89357 59279 8804 92625 18364 62846 84893 2323 11627 33611 201 83005 81916 42564 33017 99991 14924 10644 98144 14508 22658 44153 19766 45470 12434
581 93
1115 92026 8377 32078 45829 62518 30137 95652 29981 39250 77374 4468 32130 41450 10523 79872 95773 28797 44091 86899 40839 60268 601 75784 15776 12045 97129 37069 18396 77664 43568 33690 78150 18651 46566 32837 49088 92155 95616 76808 12062 94861 85774 59636 98736 1602 81874 62284 63948 41849 49634 40339 22778 83143 98964 91369 54336 27853 11819 32809 99512 74244 32922 53432 76819 13199 40217 22418 47445 38317 61343 87292 79360 71670 53736 53938 60989 66210 70930 7692 56752 56654 40587 23310 41004 56345 43641 70036 17844 70284 19475 70265 79327
983 91
89771 13858 14566 70801 10825 70676 40791 74628 1572 51892 60994 11235 96094 43154 16676 24086 14283 15085 84542 83327 3952 86717 56143 41291 75929 95146 11332 9513 17023 81468 27314 88127 7559 30047 41255 93327 67728 18119 40996 41212 90468 26959 37451 5076 43954 67764 3363 5656 64668 44237 56026 47791 89205 69603 16718 49920 31679 49302 80459 75532 81404 57066 97784 36393 50118 92889 11603 46279 22810 5207 30849 32567 79272 70218 61220 86247 83554 14464 42664 39786 91906 48497 50949 96099 43364 30404 45513 90224 24523 43691 21766
669 90
48443 55447 43749 15078 89975 28614 10730 70123 83318 52065 89558 20693 22651 93850 99519 29350 84077 14035 88252 93057 84686 10073 44511 1239 86337 18055 33453 60506 10571 61763 88800 19082 23290 96551 90659 94437 92795 99104 78551 52143 36887 82586 93082 78154 28801 75247 85247 5220 49703 69496 20513 98697 29670 20626 37358 4710 67977 49668 49543 64038 40751 67143 83787 70311 99021 91683 30263 43140 16980 92965 80131 39206 59114 38587 85376 1235 39644 8216 5129 85468 46521 87160 24416 56498 69213 35964 78863 7350 78924 90758
455 89
76068 66370 76396 66876 38591 23923 44711 15884 3078 63044 7366 27773 41416 15136 23017 27999 4074 59052 37541 96539 71800 49955 88669 87148 84421 74950 8707 81618 29183 77338 69087 97417 20133 32972 68569 72749 30089 59300 91499 23955 62460 91733 52663 91866 84166 35320 35336 63230 54129 69827 79142 52395 36006 26103 702 25561 86957 93583 3717 81861 14681 14563 69908 23238 66358 46098 10285 28580 24911 47900 36619 95176 62492 62068 93116 48823 76494 88291 39800 64996 57346 47324 6829 60079 18523 72776 40170 60637 71317
718 86
67003 96538 77799 2709 28945 83319 20656 49962 21107 9542 64212 16554 78752 71014 29492 18710 24371 93909 34936 66406 60165 54691 10213 21888 15406 14143 22790 13313 21441 512 28825 72103 80991 33589 78942 44464 82483 29353 14932 30337 29449 83963 69806 66382 14119 18365 22164 44126 42225 46596 54474 9207 6261 55965 48652 66206 71281 83957 54566 34606 38848 75287 67290 68325 1040 33798 70593 37572 63504 83888 21959 66685 19149 2378 83562 88880 33976 89830 98509 14892 45859 13036 1411 99248 15914 6766
630 85
47413 78007 71393 14572 82404 57162 77824 23564 68245 84426 81066 22107 58083 31916 34914 298 74133 20403 93076 66999 29287 83870 61547 94741 80939 21885 97577 65231 54066 67313 61663 58268 88223 39298 41272 72536 88898 71410 16 4836 11338 2928 49647 58866 52476 49205 68366 46923 71785 51570 95205 80977 23809 37500 30930 49594 71570 6291 47960 30944 77489 15954 71188 12647 54515 92365 34139 1329 72140 98373 71484 22437 90424 6589 28618 63184 89267 49305 60561 87800 89350 59832 81067 43898 719
431 83
26684 49899 4007 86430 84867 83792 22265 47388 89689 59722 4122 12710 43251 74608 46642 76688 78505 69107 9765 40668 96613 84035 47583 26057 38291 41554 60605 84800 25795 52157 5280 41890 45780 88587 67206 15390 87619 52630 86287 27066 39452 58792 48143 10144 31442 51855 5032 66615 21193 23776 66830 34585 91267 88241 2625 32741 72858 97378 61729 64429 53375 63323 9287 1275 89760 46134 66295 32673 27848 8812 26133 26479 8551 33977 48469 37482 20061 75990 82920 63619 32460 63824 12075
462 81
43119 61723 34023 96331 15737 15612 92540 44679 294 10602 3096 76084 68984 48465 49868 46608 19656 42589 40523 46139 25369 73083 70445 42427 10371 14822 43245 2612 23547 68411 9235 38195 91509 66450 32990 14521 76397 86451 75271 79253 33289 82039 24114 91730 35990 49498 25733 50985 29414 79527 42877 16239 6750 38911 5633 69074 38389 69675 4219 68631 77346 11823 78604 79433 64482 47853 51957 83596 44025 75 54893 30133 91293 56183 29513 97675 54726 99821 57394 94478 6124
977 79
58230 74332 43045 97519 16501 6611 4477 11433 84827 94354 38754 35110 14497 63996 98999 98991 98970 2957 39217 64866 15947 80039 35307 6637 81699 37170 71169 7551 98184 17139 46886 67532 93904 24952 49218 22710 57351 59089 57935 66848 92827 2444 9489 66030 8381 5655 99818 26580 16781 37593 80368 10450 3630 95316 5652 57302 67860 51532 92290 24793 7880 11815 16036 66791 29011 43673 57154 4680 65493 65883 4733 43734 2494 72593 25755 11921 75648 57861 38331
793 78
72833 40000 90799 44831 49273 24335 54786 88746 77245 94707 17033 13740 50535 2642 34225 81267 63677 54185 13014 66844 51411 29585 90587 21014 62802 80813 51641 92608 16410 9037 8617 54693 73022 30411 33312 47489 25960 48846 29512 86657 16721 3359 478 35588 99147 93223 51547 37701 29735 94860 85518 98722 93459 85254 63447 2311 7558 91750 51859 48395 11783 41350 52511 56719 93737 16766 11339 66313 30344 44892 28295 21993 79760 83182 35200 93544 7977 12957
64 76
51751 82583 37393 60372 45433 45330 55060 51283 16227 53890 65405 92799 53416 43755 15307 47648 17419 17543 78923 73623 12666 90709 53380 63117 65584 6819 47502 54010 36290 26468 32886 52487 69037 19478 67236 76 69329 13863 37294 86698 15976 14488 38797 78741 47623 37212 98350 68684 52621 44927 37012 93860 99119 23963 13207 26542 91592 15904 89905 40872 93301 30195 51196 53647 78286 81797 87680 24513 63955 68229 41195 97777 82611 29085 84395 36359
971 75
79182 89844 13219 97542 90946 78668 88639 79296 65308 82332 64224 37177 50595 74536 80499 40427 81909 16824 57586 26559 65727 63540 48594 29227 1341 84149 86544 62646 15419 14062 53044 5404 10698 85533 13052 75678 52826 17037 60544 48455 42940 75097 8752 35026 67845 21906 12607 45530 43439 4283 24410 43227 53951 79005 90879 6271 66291 43073 6849 46862 48923 49281 93821 78840 15570 20988 13394 40023 49033 61024 81401 98657 58625 10556 58169
479 72
65341 23667 97412 55531 60335 27838 90241 858 19836 34662 82511 3272 7888 64015 1836 18964 40927 786 6140 18371 88299 55067 14087 45377 515 85893 37129 42175 87033 50554 57997 62496 14425 23296 29977 21950 9268 93473 21825 93971 28638 71293 45265 13156 5070 97332 29316 84131 467 71760 13398 16176 46585 12165 25019 35008 75420 75109 16975 38906 87985 33592 66752 14692 60005 9160 95720 58103 36771 5031 70073 77809
191 71
19043 26197 48461 92090 42718 37642 40602 47263 84849 5005 14642 36740 97638 15214 83881 51709 74130 52167 67584 44131 17836 8996 79039 64044 77983 98559 38801 58284 58072 4753 19279 55270 28644 36611 44824 3014 11293 4563 4028 74598 41347 27598 91224 8347 72068 92525 4089 11427 84756 34645 80397 50902 7992 17171 87681 46474 2096 3769 74266 92217 90560 63573 28584 71649 69239 78572 72386 69975 45605 83558 96189
154 68
10913 93854 68705 46236 58310 52925 92680 23977 30087 92172 7241 92151 49724 49505 18657 70494 70144 94509 60133 42769 35386 39529 32291 70763 68443 20301 38412 1513 58539 51904 6422 49939 59949 25823 80894 66361 14912 78531 91939 58018 45091 7607 46552 50429 81428 51679 64772 14114 41102 96819 98205 72755 56967 87873 30912 47134 4989 6997 48827 67014 31226 41030 49359 86086 97659 73746 97204 51615
535 66
13469 43679 67088 87704 78785 92379 40561 66244 8485 30170 89010 10342 21704 35837 86610 8498 30962 35633 65844 45955 33810 99802 85621 88885 92078 65057 37745 83067 78038 12026 9503 20842 86398 40503 87047 62020 14058 49778 18031 34899 65663 95250 14664 95290 92170 97889 50665 55595 35763 32672 76915 33233 35407 46858 63107 3125 10837 13961 78616 8582 18320 11763 58458 32240 66181 47256
534 64
69142 79357 73959 67902 99573 77319 72486 77269 90863 3922 29578 50656 62397 76803 26270 69392 14536 33048 8040 8911 48271 34175 98602 51447 20687 53580 26848 5008 35517 47612 45847 49885 18861 81203 79416 48058 8121 62544 59408 5199 47776 57199 90692 1619 55797 81643 60612 85006 3338 80619 19028 65301 8054 91036 98331 34674 7732 1554 77965 74353 22741 37007 96766 61429
366 63
16214 79149 16531 8781 74995 74373 65876 90103 22328 85395 97698 64474 86912 64610 66705 51312 97569 27955 9431 11041 34170 29151 70455 97610 40844 74616 47574 80379 47215 67066 4273 23771 39923 86913 16092 80580 71134 11418 69123 45868 89006 80816 29752 92560 45623 51926 91487 88158 80824 87407 22696 2875 36285 32596 43326 59869 17252 70895 83772 74741 78257 66661 7528
586 61
92956 45193 3147 22331 61624 44415 93647 1177 18485 87054 93935 3200 20857 70637 43649 96683 38910 40125 60997 4552 92593 55739 94877 75198 49679 10051 90682 28656 34610 93373 61850 18844 98595 39246 37371 99035 723 75002 73676 91280 44443 99074 60923 76577 7816 66172 31041 35755 25961 66259 95422 34575 52918 14014 74342 34048 17971 63985 52453 20804 27856
795 60
61740 31217 33985 65160 73411 80433 84804 17888 75056 17562 74924 27064 92936 23504 88302 8423 21576 5469 23007 61619 95032 21283 21762 5066 86958 96078 46409 26201 50215 81533 49096 92422 99518 51167 54811 26789 47700 8701 83738 90144 24125 97354 61691 59972 42750 89734 97065 24281 86166 15221 84819 94311 81254 20953 62384 65033 64093 42014 75617 40966
121 58
4052 58239 34637 25314 64395 61907 64655 70728 29341 37390 21344 11463 29875 23386 6171 17819 90360 59844 62820 91151 11889 23537 248 33855 77943 17916 89311 24003 7238 70481 64490 58153 29080 22388 63021 60393 90833 18000 16102 96684 15756 70854 17167 34200 63160 27814 71076 32719 71133 39728 94209 31889 59840 61733 25467 70293 60975 12336
640 56
94840 77931 33896 41818 79878 48613 1410 97348 18976 46402 26657 10914 77961 31515 42710 83838 78851 50255 91623 79380 52123 14355 86184 1257 42533 74105 84372 45204 97468 17876 57900 92447 3809 46368 87313 6856 26363 26073 15243 33737 45949 88868 50005 214 87319 2583 53492 54291 30196 19691 35938 307 16457 40298 3124 74844
889 54
57217 34165 21724 65515 5784 5061 55298 66855 72181 66869 76891 88919 15457 85497 41258 81501 47811 20686 73281 21309 27803 17479 22005 68959 88487 32634 86007 83425 95877 16353 65137 32052 17551 35804 53695 12303 36390 31555 98458 40127 78586 55259 51316 86150 59018 37635 68862 96355 90859 15433 21838 15668 94514 32880
798 53
61109 67685 28626 341 89090 79464 22628 57402 68145 43219 10764 41385 7004 76287 65036 76666 56168 45845 39323 6077 54963 9423 38611 94336 88712 87908 37581 54132 83979 95408 12705 91485 96829 31417 58428 19654 29189 40901 74457 1883 99169 11997 85559 99529 98653 2491 2227 53670 82903 23419 6076 28505 96415
509 51
73978 79021 17554 5488 61855 5987 45321 58657 31206 64497 40415 89256 37959 89025 59435 17827 86499 43916 6172 62271 67695 6303 57212 1543 72005 93497 90485 89995 11009 91207 188 6419 92834 98987 16573 22535 66732 15908 19855 26020 37842 10321 28810 8967 23756 27448 60901 87705 48377 57166 95057
197 49
36944 1031 23589 59624 87753 81983 24943 52774 55899 23900 68262 78822 21650 60379 56479 26583 83217 78464 89527 53482 97786 5094 79217 79691 74877 10242 50420 87291 48239 46885 69385 70207 64331 79081 6863 1389 78445 23744 38805 12999 13695 90179 80132 61172 19424 24966 48830 60227 19793
39 47
42186 65863 37317 49232 74180 70835 32433 94227 22507 24824 21848 33750 22993 55513 2420 30952 57634 157 77657 22681 23648 95034 32388 66427 79471 86606 42772 68837 82093 21198 61351 87902 22051 90982 70050 29104 1358 16163 57313 83335 39220 74129 19578 65154 3422 27608 84239
622 45
20697 99135 74296 21463 65589 39625 98765 28832 72438 7029 34767 96471 78441 824 48646 6095 79029 64642 91444 25363 86408 32725 44617 51327 94149 20613 66997 52708 13574 34537 78529 32938 29440 33769 61148 25384 32949 98222 44838 3990 45277 16749 99435 37930 94675
634 43
1788 64750 61337 82724 15289 12545 70260 23581 14877 19127 87474 16627 1114 98949 13526 43142 59811 73221 57226 88396 3871 62877 43547 66930 64089 92050 15772 98735 66132 78857 10102 75620 46946 82713 17927 92247 34379 45728 79410 22868 43864 46445 84246
155 41
53546 16817 12162 33510 27265 11142 78791 27835 82728 85121 86909 60512 37573 94521 20827 87830 84329 96731 84980 30495 74491 81389 26775 98776 64470 36774 33905 3890 20031 75493 89959 64596 88037 18317 45886 46525 35495 13539 75629 64985 38927
764 39
17757 91372 25087 11640 60650 41521 55544 85974 87310 88236 98238 41332 35673 95538 45794 40162 54320 6350 90277 29810 66091 27092 1035 14993 10900 40182 5678 2911 75896 47102 84450 51082 29738 60319 7038 18117 37836 99657 58912
709 38
17264 98556 97625 19849 31007 12477 56741 76758 83998 45203 47332 9616 28900 13376 42866 65074 56549 30670 93146 55907 11549 51752 78253 43362 58721 27030 17247 48803 5950 71571 41668 56003 83569 30994 61425 98750 66457 60454
174 36
63715 96343 18162 96891 35509 1209 56144 30569 88877 75960 62389 82825 41151 93944 39573 29246 79560 88080 91957 7325 31081 11037 11032 77425 3526 65818 69942 46458 84859 33825 75118 63395 7302 73318 34929 40359
925 34
62516 76053 83788 31188 29383 12415 88091 64399 5771 50933 73231 61168 27480 41625 51903 2952 12353 16902 77526 93213 84359 89562 51530 63681 77392 68958 22286 27157 49393 16773 35264 67856 37356 17018
687 33
94733 96268 65195 10482 27372 34314 77055 57881 89102 14175 4326 79434 55426 21570 57778 9845 53400 57241 3933 62808 88523 75440 25138 75409 74875 19807 59095 28149 59037 86751 38343 4632 83362
760 31
83172 31260 54839 5151 37775 17304 28589 6642 5903 59422 57795 20510 50766 19941 99871 37429 8492 47843 58290 65026 88209 96882 9732 43200 1014 7499 1382 30801 66731 25102 66321
164 30
22960 82711 52812 50497 98887 74857 8446 6467 53979 44039 10995 41098 53156 45852 38473 1506 14377 73205 83720 45840 69476 74503 59214 73356 27259 10793 89894 76796 57117 62472
773 29
15266 79073 85110 66721 26086 97486 17383 54972 94651 15161 20171 13853 82887 35847 57638 13931 63197 76483 74653 81411 20030 32357 13756 26584 36387 23805 19693 26949 38615
679 27
25684 16347 20663 64830 87618 63218 62094 27810 97936 82155 55920 11049 58809 76108 48486 68049 99331 95891 32562 41646 87395 75467 96043 5284 25762 17598 28896
646 26
69873 65095 74908 34625 24306 28954 10211 98209 82592 66047 98002 13724 6574 8515 61743 70039 91218 24792 58365 57851 39019 49584 31511 14722 11317 86409
292 24
965 79293 29205 72580 82934 61654 42901 46119 79919 9883 18027 26246 61134 66807 11749 78402 21865 15676 41321 1061 25906 93928 36032 39517
543 23
42390 22633 73725 86666 71044 76558 89347 95076 10591 97167 88955 79101 85452 67358 18193 1263 25787 36876 61871 76598 98912 55936 89146
805 22
75610 22175 77746 77082 55812 3255 76057 78495 28835 43353 43044 82867 41458 92917 42839 54190 19381 15918 31469 14889 6257 68007
949 20
5894 48139 64661 62941 15990 46938 94940 78382 15979 90937 66700 54468 41980 12549 74881 49272 43033 67386 93089 56198
66 19
87164 51874 83776 64577 83093 83020 82073 22560 50550 81243 40818 4022 58881 5578 96568 38765 2621 6699 91426
118 17
65279 36215 58493 99562 3567 94307 50128 44514 43705 4403 40579 84293 18255 85188 99922 55131 73359
565 16
96649 44973 21867 46138 54181 7647 23335 81791 77673 55720 34974 99859 49006 17779 18298 82707
85 15
10038 77138 87157 17360 30861 67527 59961 17122 66384 57201 63509 2631 90886 37293 37999
500 13
18948 18092 13697 9422 37833 64971 99102 80828 9982 87717 49352 3465 42397
908 11
29830 89561 36492 7654 86592 75705 25916 49771 37916 19505 82461
820 9
42437 55789 42749 77645 25803 61201 93631 31101 4354
920 7
45680 33344 74039 42571 97286 71975 67168
980 5
58535 58329 34031 46978 71878
631 3
76176 8993 96674
72 1
82268
82 1
50504
