16
902 134
85640 56416 94309 72498 57244 38719 11272 68043 66482 99338 17806 83560 83462 73485 57129 34922 72342 43601 55792 26214 26538 68072 94873 27100 13447 72108 5767 57970 98583 42546 88807 39526 92926 38502 55566 64604 55283 68458 83143 31144 75710 97122 19056 63108 50306 70458 87733 89225 90111 24797 10816 23871 58347 69687 76555 78986 42592 30029 89152 82771 20508 44811 49406 53853 57922 31702 82810 30059 70182 52269 41524 43167 51140 12801 33717 86117 42769 54016 32254 67349 28017 44488 93780 70253 76389 5348 96174 94158 68386 88518 35973 5621 83010 6338 99401 59122 68484 80913 96627 40498 37653 50628 18245 10096 59718 48618 66999 9339 44864 76264 70954 50454 20842 11540 24870 33803 24082 219 87213 44238 44892 65832 36153 42116 51833 96035 72874 6310 23574 39069 14766 18116 6306 46896
847 127
20912 2463 23405 80658 17175 89449 74880 1796 34262 89599 88977 49101 75342 17101 63330 63274 46492 66222 79215 90670 35409 82949 98349 23784 40821 9341 99331 1453 88942 3100 70706 56274 29045 40194 99241 24609 29255 12058 46349 91701 50162 47388 25652 40914 13027 69706 11726 55550 64260 33298 86858 65467 12422 66019 87987 31590 37723 42278 84236 24150 9936 48592 63177 62077 69857 90563 47610 83090 95137 38097 3444 66347 27345 78327 32957 3459 6151 69264 69809 29906 48647 81390 16809 92989 95583 92623 28301 42176 48381 17529 54411 40928 51217 67379 27626 53262 49800 38996 93913 80434 1332 99430 64130 48338 88648 37125 91237 84657 29709 14896 36565 36889 24780 32140 41682 70849 20029 51707 77586 4722 24793 70154 3269 18199 7521 18769 76859
774 118
91454 69138 98492 69470 9092 28375 20827 3705 29477 83030 16086 8812 45034 92478 89339 61812 13552 58504 70245 28388 79446 78288 19274 82945 80954 65826 77387 58878 16281 95517 47031 99138 59791 60082 96040 95069 52142 95598 21675 21395 39406 73517 37756 26554 8500 43002 45840 38490 41216 85085 6847 74366 2310 20818 9123 40415 63774 18872 56240 78139 24654 70444 63715 3396 21775 68504 91166 42545 24541 6458 62587 75662 45386 34989 80740 56605 73656 40448 82322 68 67483 48784 54996 6195 48899 66942 14398 96733 41626 4596 87449 87173 3530 52345 51995 35126 37631 37147 32047 55047 11761 40827 5570 11513 88470 26863 35681 42898 80376 54322 98098 35127 66127 26666 65384 80736 40185 53190
247 108
84023 84812 41614 18191 57389 25223 86854 10988 51084 1616 84670 77337 32473 72950 26154 41764 38355 44388 5673 78041 66953 40143 74737 25523 51983 82020 94418 60608 98796 96579 88271 31744 20487 65631 79427 562 38149 67617 59613 62794 72224 96032 32286 98819 14770 18638 54668 27542 35203 85126 23415 64884 96766 67102 40587 49422 8046 37886 8706 10812 51166 63230 57621 45284 7789 45555 52069 20747 64229 303 41158 34294 38807 44742 80862 51322 82631 34374 40220 96798 78159 99299 25009 65616 97763 69362 37917 75984 1731 38787 57079 57049 73662 93782 47526 44159 9800 63170 37068 13866 46973 28147 89921 73730 22439 802 71654 87024
573 99
63962 61557 60220 82811 32807 45273 46927 9825 97469 64993 82044 37000 21452 11873 93153 44306 36421 92327 18101 17135 86532 12276 76884 93051 29971 57287 963 73565 43860 61443 53484 70075 39200 83264 12361 16075 52508 61312 67679 98133 91408 82917 52242 98652 40792 89266 68772 74030 51325 89093 70309 87101 91339 83032 46546 88459 70753 97551 94676 13165 33031 32947 86019 78348 48747 12846 16764 73347 62022 79241 14018 31891 56846 62979 44721 7448 38374 92364 5943 61608 59538 54547 51389 15117 28435 50331 62391 33744 52210 6563 99578 62872 58292 32719 99950 1734 26026 24679 83001
923 90
54149 18671 5048 46074 88205 87270 48871 54993 73276 56676 3529 19326 81577 81507 58142 70569 76832 10267 84276 77997 35581 88507 54424 638 26349 86081 32189 19199 57508 90456 91822 55488 83359 94732 41533 75624 85977 93219 22733 21629 73753 77629 58666 92621 10158 82534 84701 49008 67358 32803 961 88928 1184 70506 63559 78898 78906 59886 19965 87474 10051 1058 91220 28120 10482 1 10944 55095 45140 19941 23615 71722 76409 75991 31131 95031 53920 10520 82784 93017 28779 3467 32670 94544 41097 87298 25381 50697 72255 51546
390 80
72510 31372 22574 2778 27070 26735 13042 53493 83414 34606 28830 42584 34533 24288 37565 91897 37770 45709 9321 24020 67786 50988 20229 7940 99378 19591 77288 1401 43852 93873 84568 66144 96482 82961 82461 218 31773 42750 98229 29693 82179 76196 85536 19661 401 53461 90250 39772 14526 12369 23174 21187 96761 66902 43390 23205 46152 6951 3425 66469 99780 62003 63766 1399 37667 44930 66785 30816 87649 79712 76025 76068 63404 67839 14030 84569 2070 77745 17488 17954
147 69
62301 42313 10268 77532 38101 72802 81240 30661 86266 97277 29294 23490 53423 65079 94854 38677 31737 33171 48277 97504 88092 9821 33408 75244 19818 76444 92497 94411 14735 84028 96513 56479 84399 39900 62172 10123 9242 37329 5719 79010 34681 36536 26695 10832 83985 16834 9118 9736 71180 71216 75380 93889 45220 61311 98710 61023 40562 93379 65437 78624 83856 38419 66250 32780 84214 66612 17992 11065 48312
881 59
50959 16020 58956 2296 71185 32905 82051 44694 9820 72248 56139 83736 76022 82730 19700 44792 57161 27956 9561 61103 53894 19440 64953 22800 72164 60162 16610 20579 58044 53725 16725 35881 29724 91210 32016 56394 88293 63479 8123 30080 22582 54021 49465 1274 22146 43797 51034 58554 40087 36011 98516 72450 45867 1605 31996 1408 65222 99980 32545
261 48
94848 49246 81572 97480 22425 44340 46436 18557 30329 87563 8296 15373 61769 62884 84044 48818 63656 95062 89976 35968 62426 25068 88671 18528 53150 84742 52110 31220 63607 64836 85428 13117 33929 65069 44 74388 95814 24873 67374 83458 45931 17662 3471 44439 4594 36305 6828 57519
49 40
52897 49201 77205 24560 63694 14318 60629 94274 12271 60091 69007 72019 79906 9975 2039 15938 45851 98777 5942 63909 26872 88140 64155 5680 11506 11745 40335 57324 55713 82303 7111 91834 9661 57730 2401 36396 53786 43246 32072 63241
694 29
19427 16164 96315 16978 90196 61961 79152 73415 55371 40053 98924 28911 32169 93142 2014 55604 71669 26944 50915 63128 34413 82632 70047 46265 94610 22499 60993 28198 15198
204 23
30228 99438 21873 29186 22830 35892 295 20322 41415 87667 43175 40212 86512 55091 21158 85217 22204 45021 41935 79862 74825 74938 97779
89 20
47550 48740 92173 44879 29413 63207 34512 42953 71383 49601 3868 73461 21103 55433 75494 37492 50590 25069 50040 83901
193 13
61844 65459 64988 79914 47335 58127 12094 30073 10334 30601 77520 35896 37250
210 9
71483 94528 45340 37262 91000 42733 97695 74776 2552
